1763
935
2121
924
116
894
1010
51
1087
814
384
815
822
663
1006
653
161
54
2277
1243
981
1813
1462
1424
1563
1554
708
525
1987
1615
1748
2115
110
1673
1735
1290
176
1883
27
1093
1588
1680
387
1343
2029
2270
2017
1843
2151
1992
1808
1815
2179
1375
1783
323
1681
1775
608
1076
1504
1974
583
1655
1168
413
1885
1901
1295
1363
2158
570
2247
1181
158
1048
1998
936
2108
1794
1269
357
549
1837
1716
1686
2131
1905
283
1253
132
1766
337
228
251
889
1607
1172
534
504
181
929
1216
1439
1366
1904
1906
617
70
1265
1051
1944
771
1943
1121
722
1389
806
487
2143
1207
457
1311
782
380
1467
1162
495
2085
2251
1676
223
1353
1658
1580
933
1844
2209
1376
2069
768
974
1132
1648
562
931
2023
437
366
1022
1184
2287
1630
961
121
309
183
952
438
1429
452
1597
1565
451
1028
2133
205
1990
1465
1090
355
998
126
605
915
698
476
659
2185
406
2093
1801
1635
751
339
425
773
1129
297
306
1796
165
2016
1197
242
1533
261
1312
1585
1235
296
1351
1758
2157
1749
2015
490
1689
2264
1571
423
1880
237
1847
1092
374
914
209
542
1403
2218
2285
130
2137
1970
2267
46
215
1996
1675
2118
249
576
166
625
2087
453
1897
1966
1065
136
2190
1430
1074
712
725
1381
1835
1481
589
1328
1095
382
1254
32
1442
1306
574
2013
1213
1983
721
2040
1292
733
1692
1677
1623
2148
1884
1126
986
1329
1117
2215
1625
558
796
996
1868
1037
1882
957
863
1473
2004
56
1238
1330
520
1198
532
1280
20
225
1445
1553
1305
1152
1421
295
939
1802
1232
1696
394
2181
465
1370
548
222
1338
2041
2293
932
2175
397
2119
741
1080
1383
1317
2211
1245
1178
1273
2125
619
1049
1189
1820
1124
2198
1931
977
1501
2246
336
878
642
1433
119
2007
1739
1626
1012
941
1839
612
1150
2165
424
1713
2107
1182
1889
1644
527
1572
934
1488
1819
118
1537
154
1700
859
1045
364
429
590
2002
1933
147
299
2262
801
192
244
38
805
683
411
2088
564
1307
106
224
524
710
2084
278
1723
415
470
329
568
905
973
649
1358
169
2008
458
240
1480
1272
766
1506
360
42
1629
2204
866
1567
1471
1500
331
777
824
1743
62
101
720
632
1768
727
819
195
875
621
797
1643
1640
1609
1165
2256
1310
1656
287
163
1702
591
159
1726
1169
93
913
221
1385
1365
230
1532
2114
86
108
1455
1495
563
1624
2044
2174
488
1908
1324
686
944
227
1357
1769
174
442
2053
1892
1856
1056
1113
2142
1778
781
1470
2126
983
807
1854
1070
342
1557
1747
1790
1300
1451
1223
2217
1064
1081
593
369
1651
282
755
1466
603
2283
1035
697
412
1118
1487
1288
1266
1060
359
1523
1594
634
788
217
1454
829
1494
1259
1019
404
1753
1777
1960
1538
1816
1217
1818
515
269
1800
1410
1543
293
978
1120
1612
1193
1535
407
2225
1539
182
1450
212
1896
1519
1244
620
1055
585
61
1127
1520
2263
1608
714
1167
1406
1484
2073
1638
350
629
1660
1
2250
1408
496
201
2260
1359
551
1851
2232
740
1105
258
1011
640
1420
196
1004
142
2253
2221
363
682
102
149
124
2230
341
789
1708
1978
193
1491
641
1666
798
186
98
1187
1032
1915
298
396
2290
1947
1044
2188
1621
1114
403
460
1616
1746
1961
199
97
2028
1722
2105
1176
908
1954
982
326
1135
399
2244
1075
1483
44
1765
1346
148
1018
1320
229
1017
655
885
88
742
416
1072
1106
1561
817
308
2177
180
2171
474
107
494
49
1941
688
1231
2014
2089
15
2128
1709
482
327
713
770
274
354
340
735
1140
636
854
1327
1991
40
467
869
1932
1618
1744
1671
349
791
271
2132
2200
2154
134
1252
552
569
1511
1591
744
2210
609
377
1785
2066
2082
1617
1296
1422
577
695
1587
1047
738
1373
921
672
125
1088
1052
1698
1453
137
963
667
45
1297
153
1517
606
581
1754
501
449
1977
1131
1619
1234
1685
346
36
779
976
1042
1707
1285
1241
2180
135
447
2124
1836
1902
1242
324
1789
24
2274
481
2074
1637
1560
1610
2241
361
266
1827
2245
310
903
989
2075
1210
1256
226
129
2020
393
1175
150
910
500
111
1803
1652
1994
887
256
800
1159
1355
71
901
966
803
1647
1209
699
1489
497
76
1995
746
1606
204
677
1029
1425
133
1852
1781
1350
1534
759
2094
90
622
1013
267
786
624
2095
2099
317
1907
645
1757
1097
882
1194
1119
305
1634
1278
1030
1394
794
1145
1940
736
81
1720
1881
1714
1344
1464
1687
787
675
1568
235
1549
1955
1729
2146
993
1188
2197
1146
247
1289
767
378
774
1171
1219
1347
1111
1863
510
519
1515
616
311
418
9
2139
772
783
1926
2156
1598
1878
1767
891
1993
2238
1971
1023
2116
2239
2046
1953
1199
25
1136
554
1151
1099
1082
930
250
395
1923
1830
22
386
1294
825
239
1142
1204
665
1057
144
528
1593
1669
1107
1084
1948
1985
1015
1156
1605
2042
1482
1016
1380
613
1873
139
580
2189
2123
2208
2079
168
0
1369
730
1894
1308
1212
1228
1283
1050
1021
657
811
808
947
164
492
1528
1583
1236
2186
1102
860
1717
1440
388
1584
1402
1407
969
1911
2243
10
1967
531
2196
72
1581
123
5
512
694
1690
1920
1670
2187
1738
842
1214
1386
1936
485
1164
2062
2184
2219
1527
489
1876
2172
2269
462
1361
2009
1807
2102
544
1828
1858
1577
1798
2231
550
954
877
344
48
1683
565
2109
762
2086
1526
874
1596
907
138
1393
1986
1927
1413
834
647
502
615
2071
434
1341
319
1314
1332
1128
459
2117
432
2080
1759
867
1641
1939
345
705
1935
1737
1544
8
1786
572
852
352
646
1886
375
1823
1900
281
884
1989
47
696
483
658
1918
726
1516
1354
184
956
1387
1437
21
1888
468
6
847
662
2032
818
753
1879
1795
2055
2227
37
13
1772
1672
648
79
473
1345
1613
2090
1728
1706
143
1173
1642
2255
2193
1443
1957
443
2113
304
1654
1860
749
73
216
348
676
656
1416
2027
1913
1233
821
2223
2272
1684
611
99
1524
273
1864
689
706
1257
673
292
498
1033
19
1853
1415
141
1958
1472
82
669
2248
922
1804
2159
718
2212
715
2077
2111
2134
1014
1730
851
664
1679
191
80
7
1809
594
1962
1069
840
2083
862
2261
39
1745
53
2110
1975
1578
1277
2047
436
938
2284
347
1833
1755
1951
592
2234
188
58
446
2104
486
991
471
2051
426
1248
1116
873
1469
218
1034
1419
206
2045
1477
2182
1857
1969
1919
64
955
1268
202
257
1824
1555
2081
440
1398
927
1771
1282
980
723
1174
322
958
343
371
2076
1322
2000
2254
1814
398
764
909
2167
1661
2280
692
1832
1384
687
861
855
598
898
475
2288
521
12
1094
716
1704
1333
1139
760
351
1427
1221
1662
14
639
2057
1599
540
78
728
2150
1893
763
1302
312
1062
60
264
1303
972
1573
4
1258
514
1166
289
252
752
1468
2278
790
964
511
1890
41
2289
444
1556
1776
1270
109
1301
1805
74
268
1227
463
232
1041
979
1825
290
1872
1148
1447
1620
505
2061
949
1170
2120
1546
1067
1761
1938
358
391
1293
1562
573
1411
207
2011
1574
1874
1039
2168
1323
211
1287
2145
900
370
1083
1374
1937
652
1887
66
757
1180
690
285
2050
1929
383
2224
1138
50
876
2010
1186
2056
389
1396
995
2033
556
2268
1104
263
2103
638
1507
2101
1518
31
537
435
402
1946
1279
2152
848
1326
555
1682
1732
2275
3
750
2205
810
92
1784
1000
2
381
127
1503
2207
2067
967
1770
156
499
1792
29
729
1206
210
160
1742
837
1147
937
2058
1218
2064
194
1377
2147
1505
1628
401
1348
1183
1160
1542
975
948
1379
628
1130
1787
1155
1963
1774
559
1590
270
1463
2012
1063
926
439
503
179
2258
34
113
970
2091
316
238
1512
856
2068
246
918
904
680
2206
1665
693
1260
950
843
1372
1650
507
1982
1431
1073
2286
1719
1125
516
1001
1438
1161
923
1399
1397
604
461
538
2163
845
428
1352
67
1110
2281
731
335
868
1793
988
841
1659
1490
1600
1595
547
2273
1208
392
362
769
2161
11
2237
1697
765
1205
178
1817
1101
1177
1829
1362
827
277
313
916
1525
1718
600
189
1486
1788
776
1980
871
830
35
1870
1866
279
940
368
419
1304
1220
1319
2060
833
1071
1867
985
376
560
1693
1724
2106
883
171
1509
219
1924
1337
84
332
1999
1715
2063
2072
1997
1895
1779
1861
1008
831
2135
2070
984
719
618
1356
1942
1448
2052
2166
1401
1811
1040
872
1091
896
2129
785
1058
2235
197
2162
1751
2141
26
1984
846
95
1930
1086
372
1838
1335
2049
584
579
1903
1215
1315
836
962
1799
448
1456
479
493
1247
2036
1342
802
737
1078
1513
1157
1444
707
2236
1917
491
1262
1645
1428
756
717
328
1031
1461
1712
1603
262
839
793
2191
853
1622
1286
1934
1054
1115
445
1846
812
597
1632
1950
255
1657
1340
1435
816
338
1331
1914
517
190
177
1061
409
52
454
2144
1240
100
1281
441
1043
1972
1601
828
1251
1699
1007
1834
2233
1153
65
1540
1263
601
1334
422
1550
2229
170
1740
1412
2001
1840
1678
747
430
2078
614
858
321
1865
813
1841
151
414
2276
1701
276
1922
1576
1405
1274
103
2279
535
1850
1149
838
1968
2003
1446
1848
1822
959
2213
284
1246
1364
1752
1201
1336
942
1493
187
1695
1400
509
1912
1275
557
85
1360
1806
2025
420
1741
303
1727
567
30
1313
820
1548
2169
1079
684
1979
1267
1909
546
1965
2282
1750
353
1163
761
421
1845
1436
870
992
2226
2214
1871
529
1646
114
893
823
1224
120
1005
1027
480
131
2199
912
43
1382
599
1261
886
2059
523
1627
1108
2170
780
2202
2149
880
758
1667
626
272
1949
1508
946
155
1780
1255
307
1449
1298
627
709
1137
477
1899
1020
231
754
1479
702
1921
243
681
1475
213
778
857
122
203
367
1570
2127
96
1276
835
1575
792
1318
2220
2192
162
994
1589
1426
1945
809
1668
951
1085
140
464
1614
2065
1478
539
1414
2005
55
1855
1564
2160
1952
1191
1299
2266
241
1731
89
739
1143
1579
1378
804
185
1003
112
1649
1869
1009
928
1109
1434
1418
1349
536
522
301
1423
1100
795
2249
660
895
1230
997
157
1077
832
2138
167
128
356
1284
28
2054
917
2136
208
1898
541
1592
1764
484
1959
990
685
1123
2043
1321
518
1541
1862
1196
644
2035
1096
968
2242
2203
91
57
1134
2006
1981
566
2183
1200
373
1226
1390
365
1636
1367
1185
1036
670
18
2112
633
623
610
732
881
635
427
16
1558
173
1725
1529
1441
671
691
478
2024
2176
1522
654
902
1734
314
325
1158
1499
700
1849
1417
945
1485
920
575
1459
1653
1703
1925
2038
1239
1602
104
1875
1229
259
2096
275
674
1388
1458
23
2222
83
1552
1721
666
245
68
1496
2140
596
899
1536
2019
450
200
1859
2030
2048
1309
897
1736
775
1249
1551
1877
943
1891
472
1460
105
1122
117
2259
2178
602
408
679
294
233
703
2092
960
999
1492
1271
2265
661
