875
120
157
948
44
1765
1406
304
701
1309
1970
1593
1508
486
1152
2291
1901
1243
382
2167
2242
206
812
1758
805
1778
2179
1326
2027
410
563
1872
1504
1583
110
2064
615
1298
1733
839
1160
1865
1742
2025
1468
1749
517
2280
975
2248
1725
477
1377
784
1375
1088
1707
1143
625
2293
640
1849
795
608
1540
1791
736
923
786
978
2043
596
1368
1021
634
2153
1705
1685
220
188
1658
1220
1106
1794
1524
1009
1150
436
1903
308
152
154
354
1952
356
855
236
918
1078
594
1338
2040
1175
618
649
13
12
1130
2147
108
1112
63
1470
2032
1226
728
1991
466
1584
175
347
1772
2130
1665
1984
324
664
1837
2136
449
1640
534
147
1195
346
1788
813
971
1233
2213
787
1623
2191
1095
1084
908
78
1690
375
1966
531
637
1589
1908
1452
251
1026
1786
1925
2049
1602
468
1646
704
1154
470
2047
1937
1206
81
2051
276
2055
746
654
1376
910
225
1279
10
1634
1266
2123
921
1649
2181
164
808
93
1559
586
275
1813
1418
94
1550
898
2142
98
1302
448
2105
834
1244
2060
878
1283
80
2188
1225
1378
1072
1628
494
1442
2080
1397
1979
1458
1785
1045
1400
1290
691
2138
1366
685
361
1648
1446
262
966
755
1239
2200
1989
429
1055
198
1675
417
936
1922
341
979
1455
1536
1357
1391
2152
1039
1935
920
27
307
2195
482
1761
2050
909
2151
960
1509
1145
695
1415
253
1608
2005
1367
143
1269
1346
757
1940
2221
893
161
2015
2062
582
421
1094
2226
1869
1427
613
66
223
294
2202
1102
592
238
1816
1735
1787
764
1272
1028
624
1184
1916
426
1121
1921
535
311
1334
443
564
1057
579
297
532
514
1547
1318
335
1036
1486
994
268
2223
55
1544
213
1650
905
2097
1543
2241
628
781
89
1169
737
1476
2204
249
802
902
292
1291
1561
1904
1856
1474
1398
1209
822
1454
1343
912
597
1137
748
1
1077
2110
524
256
1999
871
1844
722
752
1123
2272
1683
101
355
2009
857
1886
481
1821
874
1469
1321
743
1622
2282
478
1356
498
174
2210
747
1796
165
1422
424
85
266
2258
1086
2006
890
1296
1577
1998
1973
1001
2214
1871
537
1838
1411
1147
231
558
24
726
709
459
2269
1050
1510
1304
1562
2286
32
906
1932
887
2038
1692
1295
171
550
1939
1506
1711
1065
1423
447
149
864
186
713
1351
2078
1668
956
1008
1070
868
980
408
1986
995
1517
2217
777
1605
1944
727
455
1382
1828
837
1868
1043
125
2231
1800
962
283
384
986
397
1316
1606
1923
2254
133
846
1409
606
1198
1770
1699
138
891
1380
753
583
2070
1777
1655
1432
593
2066
179
1568
2146
643
2281
697
782
557
2160
1108
2205
1090
160
1797
967
257
832
145
1186
2173
1332
1557
1358
61
1499
389
380
285
330
403
107
239
1814
1736
128
208
1626
1484
1882
1363
1938
247
1724
172
796
793
1743
2096
1213
759
387
2114
1505
1135
2230
1618
824
2056
135
399
2180
1632
1808
315
73
1894
2030
968
620
452
982
1990
1877
529
1563
974
491
119
103
1414
2292
2087
1739
320
1046
522
1437
400
1300
680
1340
1122
1350
1229
1900
2065
232
1859
404
300
1270
1717
394
1235
981
1146
1138
1700
1020
1273
888
1704
106
526
121
899
288
819
684
844
845
2199
414
1833
1803
1530
1657
331
2124
780
1554
1927
246
1845
1246
2036
1898
1156
739
702
2253
720
1238
1222
1503
851
1305
512
1173
1274
326
1960
950
227
973
1089
2175
939
1768
1515
327
679
1569
2261
1507
1574
1718
1361
547
492
670
1664
1431
1319
2222
1924
946
605
1798
1534
428
513
2166
71
1588
1715
660
1773
316
26
340
1607
785
1963
2215
959
381
929
200
2084
2003
1219
1804
295
603
1790
281
2197
2276
254
545
901
34
1100
734
2193
318
339
2245
1519
848
1426
192
1439
1025
2008
707
2115
1740
1641
1314
1010
2237
287
1876
1617
1570
2063
2148
2203
570
1058
260
1734
1680
1354
1360
573
1107
1430
635
1242
652
1105
1062
963
1402
2048
504
1443
1891
584
1221
826
264
1215
2134
1669
2239
1535
686
1780
2075
1232
1421
1205
952
100
1429
1792
412
1945
588
1726
1379
1969
122
2270
1002
883
321
577
1435
201
2068
859
927
696
1538
1140
1091
343
1111
1203
1694
964
49
1333
561
1101
1142
544
445
1171
1774
243
2128
1168
760
2211
922
301
2020
1114
369
1603
458
815
714
1475
480
99
2155
2126
500
1983
744
82
1855
2111
1571
810
1994
2257
1080
1201
1597
1513
1197
87
1417
1674
1193
2209
440
344
312
2117
662
1741
314
182
9
153
1853
661
1843
1639
2053
842
1957
969
1483
1953
518
1875
2194
1709
1630
183
783
271
1912
185
250
2054
1131
1099
1196
444
1587
1748
1619
1581
497
203
866
199
2284
2232
2159
319
2033
1293
1965
336
1342
2100
604
190
1595
40
1987
1210
1294
1299
1600
240
411
719
943
953
2233
1573
75
398
2192
1810
142
863
672
1434
1208
1024
1264
1297
255
1082
2106
1012
630
195
1992
2019
38
5
2273
976
2275
877
180
1638
265
1048
432
396
2238
1624
669
25
323
1890
915
2029
163
222
1127
487
1883
1139
1706
942
955
1259
2185
509
1459
1030
1631
1835
193
2107
14
612
2246
1253
1185
814
168
91
990
1696
2094
804
241
2243
671
1811
1369
2289
519
565
489
1031
1756
1388
841
530
1909
1322
622
1004
1103
1307
1546
338
2172
1601
1387
370
1189
69
1687
566
1539
823
699
1870
1541
527
589
1234
1177
1118
1076
1211
556
1301
985
1267
1200
83
390
1134
1341
6
402
873
1874
1988
723
523
1092
1836
1652
177
2154
2144
1972
711
1330
1728
274
109
1702
1237
1019
1345
1818
1751
4
1449
1281
1621
16
708
1846
28
1125
1473
1897
665
642
2177
970
2212
218
43
1320
656
758
2169
1425
1673
1306
1053
1428
2164
1744
838
364
450
1802
2035
682
95
1448
1312
771
2093
173
1416
1170
876
856
1731
585
1514
2000
852
1000
1647
1064
1905
1481
2260
2023
139
2101
58
750
1056
698
37
1779
820
2190
42
1930
715
169
378
2112
571
2118
368
1667
1793
1153
533
1750
1651
0
1839
768
718
1436
1693
930
591
2016
1396
693
525
1520
2263
1288
1113
1948
830
528
2157
150
1671
2224
1977
2121
947
836
1224
578
1362
2182
1553
2125
97
425
2198
1241
2103
897
816
1880
2150
762
1441
2099
999
712
1180
1164
74
1214
1841
849
1182
427
1660
1840
657
204
817
1047
1847
607
2074
484
197
2098
146
1809
216
1018
1842
210
1720
1227
2178
710
600
2268
496
1325
1479
1567
144
1864
1073
1954
2018
2220
2140
1096
1263
1315
721
474
957
536
64
1662
542
418
2277
1943
263
1763
8
1918
1489
885
1230
1997
2026
1467
59
1202
1480
1511
1166
79
1347
983
655
907
337
511
461
211
279
493
358
1271
858
214
1440
2092
1179
1976
1689
1365
2208
2031
437
409
914
1826
306
117
1824
568
365
569
988
958
244
1881
627
2236
1463
1158
348
1194
1764
574
1716
870
374
1176
472
1488
1289
576
155
151
1931
676
1071
499
1344
291
483
1782
1005
76
1610
1207
503
1405
352
196
333
1766
1149
1151
1947
2187
1178
2041
433
663
353
1528
131
1781
2158
207
1889
3
456
1831
1373
916
176
843
515
587
667
2024
1216
298
2083
435
1982
1074
646
1820
2250
913
1919
377
1167
1310
464
1598
293
1955
1374
1551
1060
1596
2012
35
1590
1257
284
872
919
1697
2089
41
1956
2057
1124
1949
644
977
601
1133
879
280
2266
659
807
1116
65
1027
749
1117
92
2011
617
181
1490
992
1165
831
1967
60
23
430
903
416
1612
800
1451
1805
392
595
1951
2218
729
1686
124
1637
1408
2252
1910
72
1240
1714
896
1666
1034
1719
1335
302
1261
2189
488
1614
1789
289
632
405
2288
1817
825
705
1212
2085
1052
1308
1006
45
2171
884
1007
2061
1823
1928
235
991
1348
342
362
2108
1163
372
827
779
1885
926
2225
2262
1576
2244
77
774
391
1942
2259
692
1364
2165
1081
610
1191
48
1636
1447
215
423
1419
473
1003
636
2168
567
724
130
1190
1287
616
273
2139
638
1958
2235
1795
1501
467
738
1732
1526
158
1275
1863
2017
1941
1678
2073
614
431
1545
2133
2290
2086
1695
84
502
237
2091
972
17
1059
1895
778
1899
1181
1834
621
932
520
1832
941
829
1962
631
1353
1784
56
658
2028
1075
1727
1522
1516
1851
1399
1395
763
1676
560
1708
2283
1192
224
1011
611
1747
1174
1115
104
33
1061
598
2045
989
951
1737
1204
1893
1136
1721
506
2135
1042
1472
2014
882
2131
1478
1079
1594
167
52
1159
413
2081
1256
1372
694
790
1407
840
2251
1254
1512
1120
132
2090
226
1645
329
880
892
46
633
938
1188
1349
2174
460
754
229
1083
1807
1433
39
776
2046
485
1654
2021
305
900
1268
136
674
756
1394
731
406
1492
1051
62
290
67
521
1456
1858
1276
648
1331
1323
111
371
1144
1681
313
434
1413
1887
1861
1461
833
209
1974
495
965
1710
2120
123
2265
703
1482
454
553
1978
1862
2013
1933
1497
945
360
769
29
1892
742
47
465
1776
2037
267
379
159
1585
792
543
1280
420
2279
1500
2183
252
2161
933
1620
935
2219
2004
1661
2141
11
1679
1282
925
732
1760
996
766
1453
1324
1223
998
1410
1682
88
1412
50
1575
1959
623
1604
1878
438
688
1653
861
645
1035
351
1767
105
716
1444
1424
1533
475
1393
187
2077
706
184
1355
1633
15
1672
629
1069
1914
463
2228
148
745
1722
383
924
1936
303
1822
245
2216
219
2247
442
367
1462
1502
1873
1038
234
96
1611
1582
1258
1521
2229
850
53
854
1087
1339
940
1525
735
2267
230
538
541
1806
2127
673
286
687
116
1032
2170
2034
2207
803
1896
1746
325
1532
590
2082
928
1586
462
847
1911
678
2067
1044
1819
677
1496
322
791
984
1745
2264
248
395
1580
1757
867
1663
954
1231
1371
865
212
2287
2095
653
401
1252
651
505
1381
388
1950
1531
1961
309
818
1527
1128
1801
1566
1523
1968
548
1183
350
740
626
299
1029
126
2176
2143
1464
269
1915
1098
904
821
931
562
2088
1236
1251
217
1518
1097
1161
788
1723
1041
1385
516
1162
20
772
115
373
828
1920
419
2132
1615
31
1245
961
1529
917
987
2137
141
1457
1017
1642
1126
385
1980
730
2249
690
1015
1110
1109
258
1336
1014
894
2116
1659
809
650
1762
221
2113
386
2227
1902
1493
296
113
1129
1172
476
1542
1292
1148
479
761
1384
1867
886
1049
1040
2129
1713
1888
1609
1815
270
1879
357
2
1066
1850
1317
2010
2186
993
129
233
1250
1625
1085
1698
178
457
1548
1684
853
725
1643
2163
609
1033
114
446
1284
1691
1495
1068
895
2119
1985
797
1769
1328
1995
2052
733
1248
1555
507
1907
1775
1825
937
2162
490
794
328
539
1738
407
86
2059
835
1552
1578
798
1830
1386
54
2022
1783
366
1352
1445
1329
1487
1260
1688
1926
2002
118
317
1558
1337
1599
1119
112
510
2071
2271
2072
90
1187
422
647
689
