2167
678
45
1386
2087
1095
1564
409
1927
1168
621
129
1711
558
1809
1439
428
1814
1160
1533
1776
811
311
2023
97
2237
1915
1438
780
2220
43
143
778
146
1656
373
335
1212
1719
1272
1331
1400
406
1748
1807
1250
2105
297
1118
1513
2144
1583
1103
521
215
2208
1153
1100
420
1205
806
874
583
241
408
1216
166
1089
1278
305
2148
1369
1620
675
1954
1415
2120
1565
1421
2027
1947
1909
1257
1874
1056
1644
2252
1729
1754
1685
1115
419
2159
112
1598
494
1370
1555
1743
470
1898
1108
1269
162
1417
877
1061
1904
350
291
1276
1558
902
2260
2279
727
588
488
923
476
754
1971
191
1378
47
2287
20
1347
81
77
190
566
394
1586
274
1275
1885
2025
1517
1718
141
1672
1125
799
109
121
323
150
1650
237
156
94
613
330
691
1464
1900
1759
2058
1880
1540
2272
1790
1730
571
520
407
437
1194
886
186
825
892
2021
1427
1013
857
523
1503
745
1717
461
1456
2226
282
1454
698
44
2054
1813
815
1550
751
1435
779
1176
1523
703
904
1798
1619
2090
1539
860
940
459
1732
541
1098
1097
931
1811
1872
1143
1193
1674
2286
1895
125
2121
2060
1780
1861
34
448
591
1648
25
1107
1487
1174
2098
961
2146
1907
1581
1338
340
1395
131
851
1048
1414
1087
255
670
722
58
2217
1145
1200
2132
905
1399
1384
2271
1665
1733
1236
369
267
1568
1892
1591
516
1830
1738
594
1248
1181
2125
2130
1432
2070
197
747
2222
474
1123
1670
119
1169
1090
658
1770
1390
1871
2212
200
2080
1505
2097
1493
1667
2003
1011
1005
2017
1073
1701
2234
2183
199
38
1429
1099
1994
651
266
1624
328
681
850
1479
585
1603
672
761
659
1676
717
1046
368
1268
1735
505
1519
1923
1886
312
1187
198
1525
927
2082
2057
2256
840
258
1787
300
587
999
66
970
2067
637
469
244
1437
1582
2015
1611
270
1789
820
1511
1866
325
159
2246
128
1262
1802
318
667
989
671
714
1434
26
2184
1054
1074
500
1014
310
707
1450
415
2114
1274
37
1806
2163
1602
1995
1299
741
1163
384
213
1119
382
508
630
2012
1039
2106
253
852
456
2281
2044
770
993
582
868
1867
2126
79
1405
1976
1303
1873
251
808
207
750
1560
833
1816
1567
480
487
1752
88
1617
789
116
1797
1975
2178
1829
1000
1161
2213
929
360
1460
579
2196
1500
1709
1202
1600
684
111
256
1731
643
273
1171
1246
183
2143
404
2029
118
535
1913
1316
544
2065
1412
1465
477
457
1162
1547
2166
1932
1990
455
1595
1925
1981
517
939
1179
1514
1147
1961
858
804
528
440
1847
1529
1481
1675
2292
1397
1232
1948
232
1989
2153
605
1333
133
413
1180
1682
1213
1545
105
1756
301
617
1366
1337
1458
352
132
1537
1447
756
827
1661
1284
1285
1597
2177
316
228
120
2048
80
1055
1203
1302
790
321
595
1170
1211
1858
2241
1296
1490
426
1924
1959
694
2280
918
1326
430
1589
708
482
491
1114
57
661
2179
2231
1823
2229
2236
1607
1528
417
873
450
201
1393
24
525
2040
1495
606
383
2192
2283
9
863
812
345
1681
1300
701
702
824
385
246
1510
949
460
2149
540
600
399
1579
2257
990
1477
706
1235
135
1271
1196
969
897
1935
358
2200
1837
623
2249
1227
1951
546
709
2278
622
1659
281
1940
2136
302
1642
1251
781
1258
1921
2151
230
14
1228
446
2109
732
59
1305
287
1662
346
1060
1991
1917
1207
286
1150
104
1063
1686
1889
504
1641
1840
1899
1229
1328
880
1723
483
1448
1253
1191
294
445
314
1244
1489
948
2154
1520
1178
48
649
1613
1751
1136
1571
744
1059
2108
1362
556
1819
1869
1040
2225
205
1958
1208
997
478
1037
1237
1007
1086
1554
1972
1575
562
2258
1683
155
509
753
2267
657
380
1128
260
962
466
1631
2050
1184
189
1918
188
1876
1745
1045
468
1646
1355
1774
1740
1231
1772
454
978
1164
320
1910
341
227
92
379
862
1
716
757
353
2056
2218
889
115
1783
2263
2077
1418
2140
690
1120
624
1544
372
292
10
841
56
160
2277
968
2156
154
1093
646
2005
1408
1441
1536
1391
2224
871
1610
837
952
1626
263
447
1936
965
2075
1022
1082
1684
545
1700
2093
434
1698
1710
1556
2145
1134
1053
393
161
222
2194
1357
1101
1319
136
149
1894
982
555
1247
1538
13
103
933
61
2072
705
899
1442
2107
819
2032
252
848
265
69
471
1301
669
123
1094
2134
1066
1856
977
414
906
54
604
1604
832
926
424
1072
171
1398
288
726
187
1220
2116
805
1914
1663
1324
1026
99
1339
1594
2158
748
1486
679
1653
1446
15
280
1623
1697
278
1666
696
1131
1657
1882
387
522
74
942
578
1401
1198
1030
1689
1832
1290
692
713
1891
1044
2022
1027
1737
689
1132
1420
203
1209
1264
549
894
2036
847
654
268
956
1615
2122
502
1351
1878
1492
29
389
1957
1647
6
1144
452
1930
683
1358
1064
1270
1388
1182
42
433
1966
1716
2006
1750
1482
472
1970
122
140
2038
91
890
1616
1062
1221
226
397
718
1724
662
254
513
879
1708
451
1183
2276
1688
1516
108
2198
1433
338
299
1402
835
536
1534
2095
1965
351
1857
2221
677
1167
743
1884
1259
1149
1343
1881
527
712
1024
1939
1455
1166
796
1741
1950
1240
1116
1428
1629
1549
730
175
1096
1317
782
337
334
1077
2174
704
1336
1321
724
499
1360
1020
375
1497
2016
1702
1124
1834
1694
1068
728
1773
1606
51
1350
1928
65
2238
1877
1217
167
209
1498
2242
1639
1541
1297
1361
1929
76
1825
303
1461
1424
327
1963
114
67
3
1241
90
395
767
2293
878
289
1853
930
179
725
1491
869
2118
1155
1618
177
1703
39
1998
533
586
865
1294
1001
976
124
994
1426
967
1436
100
1580
490
1281
163
1474
1065
539
2190
1311
928
941
1504
1410
602
405
357
1106
638
2161
794
1531
367
378
680
639
1993
1992
1605
293
1859
1651
2096
986
964
1757
1693
1828
194
220
974
1261
1304
720
1585
1329
1841
1727
400
2115
1785
110
178
1130
370
788
1695
1473
2288
223
1025
1967
2193
60
1469
1049
1643
856
2285
836
1691
511
1890
2055
984
1377
537
1573
673
475
1630
1652
1753
1470
2111
1627
1945
1518
842
814
216
1508
2172
2124
980
1430
2209
1746
1784
481
2020
1621
5
557
823
1973
1483
283
479
575
1553
2274
1608
2112
363
1820
903
981
192
1501
1507
739
1726
1920
2243
943
1563
1223
749
936
1306
359
1896
736
33
151
1443
802
855
1385
2024
238
257
1810
181
36
888
147
946
1960
1466
453
715
1654
2061
1934
2113
821
910
991
1117
497
764
763
636
1449
1835
1850
1712
364
169
912
576
2034
2262
883
653
1314
882
2155
686
2157
1658
1592
1376
473
1634
1471
1943
2265
1860
947
776
518
1142
1126
2164
315
1836
1416
1506
2071
1036
554
2289
1524
1076
1535
2068
1546
2045
249
32
570
1425
1640
1277
1058
614
1804
1033
1808
86
1154
1140
386
975
1713
1003
285
2259
550
668
634
240
700
1135
901
2094
355
422
1865
1671
2088
2201
800
144
693
1530
21
721
2248
1870
932
2275
485
1833
1381
1009
1222
1375
564
2089
1368
390
22
1088
611
2084
2051
0
361
1383
1572
503
1342
1794
2165
1551
599
182
2182
229
1387
810
609
1323
1185
1955
298
1584
2035
1204
1982
1129
920
2247
2227
1817
319
695
113
1348
307
41
1382
1699
2173
1775
1680
1110
1625
247
895
2219
2171
2268
1815
711
1725
1755
1279
1842
1721
1845
501
2223
2076
881
2152
664
49
762
742
937
791
365
655
1019
1084
8
1380
1206
233
1214
1911
170
563
1557
1612
1334
1372
864
2150
1980
2199
1956
333
2176
1916
89
381
2197
343
777
1413
2046
72
1452
519
1051
493
1310
1023
465
486
1638
1848
844
2206
2162
1742
212
1047
917
164
1112
1769
734
2195
838
1499
347
996
597
955
845
398
295
1977
411
1868
846
1320
1006
1273
1559
573
1010
1242
429
1944
127
628
1199
1526
130
529
296
2002
1985
174
954
650
2030
1786
1901
84
1071
2264
1931
313
1714
913
1962
1839
972
1291
526
71
442
1736
515
83
608
979
731
1800
1226
1192
2233
1016
2026
925
1543
774
1949
1052
1423
512
1159
259
1588
771
62
914
331
492
2138
1346
803
610
1017
971
524
2186
908
1875
362
766
1280
1902
423
1480
463
17
1720
1238
2240
1484
28
1327
2100
1312
2147
217
1760
861
377
137
769
1459
1593
392
625
768
1462
592
907
697
435
444
2007
1668
204
242
1252
843
1034
495
1190
1679
1307
2
1186
284
261
995
239
626
2110
1079
1042
1298
396
224
853
1707
234
2039
631
958
567
2133
752
2273
1879
1502
262
218
870
2228
1353
1578
96
102
107
1407
565
1485
2235
176
1392
1085
1903
98
93
1218
1788
1038
1004
1031
193
248
309
1288
506
1313
2009
73
785
388
647
2189
665
590
2181
1937
1768
830
1645
569
593
542
652
1266
938
1762
1158
19
2239
891
959
1852
344
1363
719
1195
1609
1472
1265
656
2135
2191
1133
1706
245
1151
1765
1562
1122
867
2266
1635
219
1552
427
887
1367
1453
1295
1245
1677
1978
2187
1137
2290
1127
983
1478
2127
1018
660
1782
641
401
1444
1457
1687
50
633
2018
211
998
688
138
1905
783
1766
1704
1590
2211
1601
1942
2066
1344
231
1015
195
1946
580
1156
279
2117
2043
1330
875
1849
31
142
158
1986
629
1824
2063
2251
221
1293
817
773
443
489
1102
1844
1812
1109
1105
1233
510
2074
1422
180
332
2004
2081
1953
1633
1152
775
2064
1092
644
354
1451
1289
264
101
1035
574
1349
818
1225
1791
1177
87
2253
960
2232
616
2207
106
1318
1988
2028
2142
687
1146
1821
1831
1984
1081
2073
755
640
1032
1744
148
807
18
944
787
1577
70
1636
2188
1887
988
2037
795
884
376
1239
612
1893
915
963
2123
607
1345
95
1906
1172
2047
23
1197
924
1673
1542
168
1476
985
1315
2049
339
1468
1933
1796
2099
534
552
1496
1243
1574
2270
1855
1419
1292
1463
1189
2062
1912
797
1566
1758
2119
2091
1365
1201
635
2085
290
876
2131
2031
1622
1779
1660
243
1352
1356
498
530
214
685
648
1234
618
196
441
674
2059
916
439
1411
538
1050
1908
1926
1851
1075
1974
418
1354
572
1083
1799
436
202
462
632
7
1080
2160
336
834
2141
126
322
642
53
2291
2019
953
1440
2011
1522
1340
272
822
1121
2214
1515
1078
1431
1596
1777
2014
371
1021
2086
735
603
2033
1569
185
1854
1692
645
1494
1705
1532
1404
1664
2041
1728
1846
1509
551
893
1968
966
366
532
682
1862
1734
1138
2104
581
1256
210
1002
1843
2215
1175
269
235
543
1409
496
1805
1309
1793
1113
2244
792
885
676
1587
1826
2250
900
663
849
1165
759
271
1628
1335
1883
1822
458
1599
1761
308
1576
2001
568
2180
553
1263
2210
2092
1260
1888
760
1997
250
950
402
1445
1104
909
1570
208
391
1678
1332
117
2284
1838
1139
699
2282
1614
276
1964
1215
793
1897
1322
172
1403
992
1254
1287
1364
139
1795
798
40
