2007
1226
395
602
102
350
1745
1998
1555
536
1329
1312
616
1412
1755
1698
1704
406
1297
2257
1615
257
54
662
14
1196
1917
1434
1054
1725
1295
1243
1317
429
1940
769
603
29
1941
1952
649
669
1681
2162
1123
763
2105
277
897
1365
967
717
75
1
1171
934
1618
1393
1600
2236
1264
1041
2249
1737
1050
446
742
215
2098
2275
234
734
1817
1339
1292
492
169
645
689
1400
192
544
321
2170
1851
158
969
1965
1655
1945
1422
550
1288
898
1906
686
2005
1580
9
1544
802
750
1942
336
2235
1705
1719
2272
614
1201
1999
1721
764
930
2077
1762
735
808
980
326
1492
1436
1475
505
1405
323
248
146
2065
1061
1848
901
730
527
1369
1904
2156
586
1189
1995
579
2265
1429
1157
1166
2064
285
589
381
1883
1658
1837
1505
2227
796
89
1943
1964
1711
965
1996
201
283
77
1205
1447
2237
705
788
783
1501
293
1154
1170
606
1303
781
219
1635
5
399
1596
1591
767
2107
633
73
1407
1183
1804
2167
1915
911
1135
390
2034
1485
404
119
653
1874
854
340
61
1454
1107
372
518
1528
2043
1062
503
179
639
826
2033
1901
38
267
1104
502
1939
357
571
217
585
431
1265
732
874
1872
1933
1561
1881
2182
2195
862
1636
1862
1539
1331
1784
1637
1693
2246
142
834
1797
1534
2142
422
815
691
1346
1602
1267
1682
2073
709
2114
1139
206
1397
2293
36
1777
2146
1193
964
962
2042
250
1350
240
1251
25
1046
908
537
335
712
1262
1428
457
535
1401
591
1748
1092
84
346
1068
279
435
1625
1866
1953
618
1358
1821
948
1723
1920
1593
1511
1453
1108
1960
287
2181
4
1137
822
1717
1730
1199
743
1768
1408
1863
1586
1110
1622
654
1864
957
915
1169
2225
1306
636
1628
929
274
2119
1455
925
71
325
1085
1510
1690
157
203
214
423
1713
1663
913
2125
2228
1266
747
1200
784
575
2231
2071
1924
1298
2190
1533
334
1254
2157
88
1076
1595
306
1194
1141
2041
1294
1577
723
131
1820
58
419
1990
318
39
1127
611
820
818
588
1950
1885
2112
2198
2163
107
1575
1282
683
881
1747
1476
1617
2176
523
351
1270
1039
228
2210
223
1610
204
1603
1803
2030
1632
562
296
1034
1119
2135
27
2220
1473
1983
1343
1727
1923
923
1066
2067
1211
2137
1875
284
292
1790
1559
851
2161
1020
2260
1764
78
180
1165
2230
1891
1769
480
1929
2259
955
1094
260
1402
953
983
371
1798
2199
1423
861
1801
990
1766
2053
1508
432
1413
1213
1710
1594
317
748
1258
1907
1633
1691
433
21
1138
1260
1614
227
367
440
624
580
1134
1155
1125
2216
1077
1513
1318
469
1709
415
1099
1324
1375
1668
1060
1176
1650
2241
793
273
2118
1724
1788
2292
632
2277
95
1216
229
1569
152
887
2240
101
1461
1376
1509
806
268
1002
2201
35
658
1478
463
1913
875
2057
777
1287
1671
316
305
110
637
42
1855
514
1024
162
1518
308
688
713
1780
931
1700
220
1894
2245
1900
1585
2134
159
1831
111
2081
971
2287
1232
1396
1582
1047
52
1576
135
1512
216
2166
149
1605
2113
1554
26
1008
2116
827
1087
425
1997
973
348
1409
2205
1416
2140
1059
2056
1754
863
1064
1889
516
2153
2099
2279
979
1732
209
153
751
1956
154
829
753
1115
999
599
2076
113
1932
1988
1765
263
1028
554
247
1692
226
1652
2173
810
1677
165
186
1977
100
1217
410
411
443
1498
1640
2253
1876
933
961
1814
104
601
1613
241
652
2126
1328
1869
1631
2151
1438
809
140
1078
320
859
249
1918
1301
1063
1674
1991
1360
354
1756
520
1955
1178
1880
2286
1882
848
1688
1212
699
522
224
2006
794
1086
1440
1362
756
1744
1503
1743
174
2015
1689
122
472
1536
387
380
1695
2012
1384
959
1860
608
94
519
509
467
1361
295
736
477
353
1951
2093
345
1314
20
2068
1560
546
319
635
1084
1994
1452
1620
2070
604
1148
170
1888
1332
341
1785
409
1606
530
2274
1535
1825
297
2164
558
978
238
1813
681
1256
951
947
2263
164
555
1921
2185
2239
879
1255
384
41
64
1425
694
985
1442
1648
414
314
1091
453
487
99
1669
2066
427
1302
1841
1892
2271
271
1037
926
526
1263
1529
2031
1330
368
468
1552
2097
960
479
37
1938
80
1334
22
66
448
1599
275
359
2021
1542
148
543
1055
944
1444
189
237
1773
1835
1847
1483
563
2106
941
760
864
1380
824
1016
1532
1437
1188
928
1729
1911
1466
1726
1947
977
1177
1772
890
1161
1563
1019
922
118
680
1954
116
1410
167
989
1236
954
438
893
1149
86
328
670
289
92
1378
724
561
789
600
1299
497
970
1919
1926
373
1981
1081
835
1908
151
45
733
1082
304
745
444
1335
1845
1229
1497
239
2085
704
1048
1588
932
1022
337
1445
1796
885
1573
803
540
412
621
1273
1147
1834
1699
2211
420
2108
866
1315
383
1495
567
1073
2264
576
945
1818
757
1733
556
1305
1424
1819
1281
2000
18
1958
1311
648
1338
1914
55
329
1657
232
2234
2207
2202
1102
1621
542
2087
1794
816
609
2117
471
2058
1490
1873
799
1541
356
744
478
2183
1776
2103
1241
858
355
2273
758
2136
482
1322
2150
1417
2177
870
1014
1198
481
891
1822
1363
1581
1910
46
916
1676
290
1871
1861
1120
1493
1023
729
1240
739
2092
1971
2168
1333
623
490
1348
725
2262
1792
361
1703
2213
126
1531
1430
1793
1898
312
1132
1036
1003
2013
2229
2280
1912
1707
188
1760
831
331
865
120
2141
940
385
160
452
2139
2193
587
1237
1973
441
1387
617
592
2179
860
128
2208
460
698
1735
780
920
1079
30
590
888
1750
1035
981
132
2111
244
150
873
313
1537
975
1227
895
127
2115
1731
2039
1526
986
995
2204
1271
1961
398
1839
1206
1321
307
674
439
1133
1220
1011
476
889
974
1474
963
59
1158
1207
668
147
1470
1140
1411
1109
1122
1828
1927
1404
8
1370
1678
740
1320
375
904
1884
114
878
2074
51
442
2047
1168
578
2027
2008
738
894
1985
1836
1571
1937
1578
1383
1887
1608
656
695
2252
1987
1244
1075
1202
1192
1001
1659
1057
708
1269
230
1982
2278
221
707
2009
1250
1969
1290
461
1231
1685
1759
1992
819
1112
1235
68
1027
1925
1239
294
1458
1443
1522
121
852
1634
836
1702
671
2014
1089
117
1980
218
921
828
598
258
1098
462
1701
1462
692
2160
737
847
236
2130
1005
19
324
1460
1327
1017
1427
553
1893
1347
1479
176
594
184
996
812
2011
782
1018
1488
2123
1739
0
1356
1787
349
1103
1187
1583
682
62
690
771
650
1242
493
521
1246
1653
210
1886
564
115
12
1616
998
449
1877
513
1471
333
1909
710
2096
1746
1446
408
1643
630
711
400
1144
1978
1979
1377
310
2187
903
1160
659
548
1838
1364
1857
315
1342
1903
924
1664
365
145
2086
1224
254
950
2079
212
2248
403
2020
823
644
507
2192
914
242
773
1966
2174
1624
1611
50
539
1156
1280
2154
1349
1451
759
900
1720
200
1579
1506
642
706
1450
647
1778
1044
360
774
1162
1799
886
1426
393
1661
1807
303
1895
454
1641
1548
952
958
517
1013
1738
1117
1809
1587
2148
814
620
1172
2110
837
1781
278
622
1257
1568
407
280
207
434
272
93
2032
2196
1975
163
1032
378
2149
347
2254
1448
765
1922
181
1463
1214
672
1816
557
884
1639
1567
1146
98
577
1106
85
2290
2233
531
1000
1789
2251
813
1751
2180
538
718
70
984
1974
634
1525
1051
474
138
1649
466
256
185
801
2158
1808
2165
2129
1962
464
2102
807
1572
1142
1043
69
982
57
2132
1972
2283
524
60
673
714
2017
1114
1824
675
1752
626
2044
719
506
768
451
1935
1850
1742
1547
532
1763
81
97
282
2152
1601
1145
512
2104
1694
1741
640
628
1373
2040
1316
907
1989
775
2131
1351
776
1310
106
178
2218
1564
1484
770
1826
1716
997
494
1823
2191
994
663
211
13
877
2200
1523
430
1570
246
1230
1852
397
362
1004
1283
657
1385
2291
625
1124
2289
1530
511
2069
918
1056
1228
196
1521
1208
358
391
48
1367
1432
155
1300
266
428
379
1009
605
570
533
547
364
1129
841
496
696
342
190
1967
612
1524
1779
302
2019
2029
855
265
2194
187
534
825
1520
1565
1482
772
10
2281
1870
552
2045
528
374
849
34
1388
927
175
2242
987
1195
49
1095
67
1143
2061
413
1489
330
243
63
574
1467
299
2266
1021
1366
1219
2256
515
2222
191
1812
1276
722
1386
2091
2243
846
1805
1025
1775
1782
1131
252
569
693
1007
838
1181
193
619
369
1607
1015
1058
1829
1337
1551
2059
450
499
322
300
1686
28
1096
1093
1414
76
194
1357
1121
946
1128
715
1045
1152
1173
1285
2284
1949
1289
1767
144
684
582
615
1504
1326
1859
1558
1403
1645
902
2178
1487
1843
746
899
1662
1279
1203
791
1890
1556
1507
1683
752
2050
1970
1734
678
1341
1392
1457
2094
91
2046
1184
31
2203
1538
1963
1391
2028
754
370
508
1071
720
821
1469
1012
1113
231
943
1067
2188
2122
1491
197
2101
485
1352
2143
1304
1708
1323
352
2219
291
1130
2082
938
661
1459
1238
1293
687
1209
1245
1619
259
327
2022
173
1753
749
1030
1667
627
311
2072
541
2209
2
1612
1928
1215
843
972
2269
1680
1944
1118
1344
703
1646
2172
1180
1623
2270
1934
1638
1604
702
853
2171
182
426
421
1481
1083
909
1072
386
872
74
795
56
607
202
1038
1065
225
1042
1976
500
1415
805
1325
2189
1185
1546
1815
1167
417
992
1672
1550
700
1675
2217
87
1465
917
1827
1259
1853
1186
382
1261
1105
2223
1854
1394
1190
1406
905
172
3
15
1174
655
1849
2212
584
856
1865
1006
910
2049
161
1164
1398
1842
667
2004
501
262
1359
1868
868
134
1515
1948
1464
338
82
1902
168
1291
1074
389
498
139
32
1354
199
269
1275
1728
1150
726
470
876
1372
416
716
797
665
646
17
936
830
867
976
1984
842
1090
761
779
1553
483
2186
1277
2155
2026
1968
766
2124
1846
892
245
551
1284
7
455
109
171
1179
394
817
251
1936
1163
1480
1660
1225
1774
1905
1740
1811
473
1665
2285
1562
1540
1070
1670
1052
798
549
1248
787
2121
1718
2075
1736
377
1644
1033
1856
1597
1371
1749
1308
660
786
475
2120
1389
388
857
1197
489
727
2052
1253
456
1706
208
2244
2078
2214
2238
65
641
529
2276
2063
1029
1878
2038
666
1897
33
1218
1574
298
993
301
1810
2109
1514
2003
811
1946
1223
1234
800
882
253
405
1899
631
1931
1319
1399
166
1800
1439
1516
24
141
16
597
1896
1715
396
2133
1345
1204
785
1247
222
11
1714
1435
1496
2255
198
525
869
1758
2247
572
741
108
2001
1629
833
677
1806
1026
778
721
2054
235
850
1449
1382
376
1307
1069
790
1494
205
2197
1832
136
133
44
1379
2138
96
465
2267
1421
2175
1080
47
2023
1100
445
2055
1783
2035
276
1609
123
1468
1088
1249
804
112
595
1010
53
1151
1986
343
1687
2127
912
2226
939
1441
1031
664
183
1630
1566
2224
233
