436
1271
726
1093
910
1935
116
2270
856
728
142
18
14
1064
963
1734
1889
1690
2194
2103
2179
861
452
1225
1824
1597
31
1697
464
1595
907
942
2158
556
383
223
2034
841
139
65
694
858
126
155
2104
1034
406
1437
1490
40
277
1782
1859
2117
1176
163
943
1276
1070
1114
1873
110
2032
466
698
1651
2006
233
506
1317
1166
284
800
1826
1232
656
1238
2000
269
379
771
1463
200
1510
1403
985
1439
1489
2199
1928
1914
2073
170
1751
314
82
2086
1691
919
733
996
1028
1155
994
851
1125
211
504
1002
2110
784
1637
808
1549
439
1150
892
778
1202
1350
1086
1630
467
1178
1939
779
1560
1642
854
585
1209
184
565
680
1682
1918
1962
97
823
1698
1675
1491
237
681
1533
776
1297
1323
1430
1600
497
1865
495
1634
753
426
1801
897
1674
1161
948
162
2068
1048
169
489
609
468
208
399
59
1014
1982
418
791
1172
2067
1160
1486
1550
1042
593
2085
1969
2123
875
24
1923
2213
1599
1527
1623
1244
859
93
751
364
1511
219
640
469
1045
558
1008
2088
56
402
196
876
1235
465
193
921
833
1741
1694
2053
1661
688
375
938
1302
652
615
2250
165
1702
692
1137
1783
739
1708
1576
400
838
357
1844
1063
744
1408
1591
766
1059
1763
2228
1479
1094
333
250
498
1994
1700
2052
1423
387
2209
1611
1119
294
2109
1012
1391
348
735
236
770
712
1671
527
131
2141
1018
1477
568
978
2171
220
946
1083
2092
1228
529
2153
982
1786
1392
515
262
1546
579
23
2074
22
1646
1857
685
1732
572
538
1941
634
384
1186
665
1520
1730
1
1882
422
781
2108
1453
1850
119
1655
198
8
2132
190
869
164
682
1191
7
1948
41
1300
64
440
4
2066
89
1775
2157
2195
2083
2220
230
1440
288
889
415
2167
1539
2036
870
318
266
2224
835
159
1051
144
1283
1553
1156
281
39
1755
2183
1098
298
524
2116
1604
703
1544
1050
289
1470
905
427
1689
72
1614
2080
847
2215
1320
396
1735
1206
1944
1641
2146
881
1180
1688
1167
2002
718
315
2131
305
536
124
1701
444
1584
1484
2101
1416
1354
203
901
334
1352
1389
1438
1096
810
1113
974
1883
1415
716
310
651
745
608
36
1986
1933
2214
2163
141
1039
377
2255
1843
338
1545
442
2051
2276
2045
1315
1862
1949
322
1383
1616
1107
473
118
2105
113
1460
1798
878
1117
622
1444
903
933
256
1725
1742
1847
2222
1891
1628
902
1814
1992
1841
311
549
1726
1729
1864
441
1171
824
553
2140
404
238
1983
1756
1333
1993
1445
136
1121
941
2206
1830
743
636
768
413
9
997
459
54
1631
2174
522
1305
1428
2061
1733
1344
1401
561
2274
457
1029
336
1858
840
1170
2245
1010
81
1705
35
212
2144
145
1761
2
2027
804
1957
1357
793
2136
279
2087
1173
1054
2176
738
1020
1960
107
790
1067
474
1310
91
1971
949
540
1163
1998
1298
245
138
704
1152
1936
758
783
981
1205
731
1535
2200
261
1345
319
2148
1773
655
714
1571
547
920
301
1565
25
309
291
2291
895
1796
2169
1342
1151
168
2210
1355
1381
571
376
811
125
49
1523
1825
520
1893
146
476
1911
2181
1123
1774
1669
1421
1311
260
814
388
454
1979
2254
1915
1518
886
1552
19
290
206
1718
481
1953
407
1314
1795
1965
63
1753
2202
101
275
1258
1407
1469
644
797
1079
2243
38
215
1707
2191
1934
1248
1294
1245
1122
631
1229
247
1554
1185
1508
1109
687
2129
1099
691
877
947
461
1633
676
1636
33
246
754
1136
764
1336
975
977
672
1519
1431
668
1339
443
1134
1231
1828
271
2211
350
662
471
1596
272
2143
369
240
1995
1848
2102
1343
120
1260
1495
2230
122
157
2015
76
2166
1670
137
68
354
80
516
2168
900
789
939
929
1313
2177
420
270
1586
176
326
2235
2237
1892
297
2280
539
1153
1061
2198
1177
293
1927
2251
1991
149
624
1931
1703
1588
2098
612
822
1252
2263
2156
968
1929
1662
864
1378
709
2003
505
287
510
2071
1003
1823
105
435
265
456
1764
401
2184
202
1052
891
1448
1580
1656
1812
2282
722
1590
967
1846
1899
1601
756
554
594
602
282
1363
962
1356
1474
666
993
626
2259
972
711
2152
1792
1164
678
2170
2099
842
1218
264
843
2267
548
915
578
1926
922
573
57
1797
2288
2240
1085
1680
795
1765
1581
1606
1268
173
1159
306
382
557
831
385
2207
108
1471
1016
1789
1912
659
1455
1293
879
667
1566
1496
1060
2075
397
398
156
619
2150
1996
801
2026
1888
1337
508
1684
1558
633
1234
408
1256
222
1481
393
2277
1322
482
70
1110
274
2021
995
1534
1386
1371
234
1875
1301
1303
2133
1128
1370
1809
865
148
358
154
130
21
1627
2275
1615
649
2278
1450
183
2055
775
569
1589
52
1074
912
1831
1037
819
654
896
308
1452
42
2008
483
1382
1853
2266
1021
1500
1081
2252
836
98
1174
1148
1183
1327
83
2056
661
1717
752
530
2094
1309
610
1417
2125
1473
349
2229
493
1612
928
386
2065
906
2058
1913
112
278
325
1851
592
1840
1478
66
1802
1678
706
1223
893
207
1387
1080
1711
1578
1139
374
746
37
763
1230
537
782
874
2188
513
1605
1082
96
1759
1635
583
2187
140
1196
806
316
1000
1975
1026
2020
2046
2173
390
2028
1559
1650
1076
1142
251
1263
748
1459
2090
937
1120
1208
1805
1006
480
546
1406
1062
451
930
883
1261
2043
1426
629
658
1762
195
2011
2212
267
710
590
587
623
214
2186
391
2095
78
519
2069
1980
1710
356
370
1299
1567
2013
759
1945
1485
1585
606
935
1253
1532
2201
2216
453
445
2050
463
1531
1377
209
328
1338
330
1543
1890
1504
1784
1870
1780
1827
1025
1398
730
872
1287
1649
1683
562
1526
1259
134
2077
1788
1249
73
1681
2248
880
438
595
675
1246
1731
1364
1610
1295
186
1906
2284
1664
953
1608
2119
1973
2018
1822
2231
1921
1517
2120
809
1816
637
628
973
1760
1005
152
43
1988
1273
1089
171
614
1307
490
1100
1200
320
1435
960
32
2138
1645
1938
2037
1390
999
3
1353
980
1182
392
1195
232
617
2285
1022
1141
1193
727
2265
1821
663
898
2063
2246
1250
616
228
1881
194
2238
11
1410
27
1149
1133
2076
966
1088
1411
360
1321
104
2100
925
1541
1748
813
1328
1219
862
767
1451
2081
341
368
1380
106
366
1515
1501
780
1443
1754
969
1393
1781
1673
1609
1207
285
1910
607
1203
1582
664
844
1937
191
1066
596
693
478
1493
1767
259
916
424
1349
1572
618
669
1158
447
1009
646
1233
1184
603
127
55
460
1103
1169
979
986
1557
1436
197
1804
2097
1385
580
702
1679
1833
87
1721
361
954
86
853
1852
550
20
1866
584
1643
1625
2190
976
852
2059
449
1446
1278
642
1284
1563
1640
1046
280
1834
1909
253
1872
1115
1896
871
792
1970
957
411
1108
1736
1140
1296
332
158
479
2035
1885
2262
254
1135
2016
1594
1397
1251
1424
2290
94
1359
2118
1985
410
544
683
643
934
794
102
1861
1065
1940
1738
570
115
598
708
1663
263
1981
1347
1813
1243
2208
2089
1024
2180
670
1720
803
201
599
1199
475
437
1146
1340
2286
286
601
1574
990
1719
2292
2193
2072
1815
1487
1112
837
1740
2293
834
189
611
1369
2233
1236
395
1652
1281
2079
1704
1422
258
1579
1013
1568
1874
988
1461
84
1483
166
1368
867
2234
1712
1886
2127
1692
788
674
175
2060
717
1922
917
1739
639
699
2082
2084
342
526
1668
1779
135
1917
462
1157
951
488
1743
2218
1102
1538
1372
686
1147
1257
848
559
313
1341
1537
713
2147
252
1367
1396
2226
970
927
367
363
224
684
1420
1845
307
1442
1619
1903
2024
143
2221
1839
1292
992
1041
1201
179
486
1084
1449
720
324
1672
2007
167
1547
1900
100
188
1447
161
632
1418
1472
69
1787
1239
1189
2041
12
2091
650
827
1466
1365
825
2126
1819
2227
381
416
1930
502
210
300
431
1746
2196
50
1791
1375
248
1274
945
421
178
1414
525
1709
2260
2121
535
372
1288
1007
1348
723
62
1766
389
1512
1078
428
1964
1220
2093
491
1488
430
2022
846
1676
850
58
2113
545
1068
555
1509
984
1897
591
53
2287
1362
1346
1920
2106
1728
625
802
15
1503
1832
204
750
345
641
225
512
34
1188
327
46
1467
956
816
1204
734
229
1968
484
2047
1548
218
697
826
588
885
1564
1217
1666
1750
2062
2142
597
1277
239
1480
1624
295
1620
1402
543
340
2044
2182
2029
1124
820
1887
1978
772
226
1622
605
894
517
1769
2269
2256
983
521
1154
1227
1282
1942
1464
2249
216
458
1427
1404
221
1412
1145
2159
1289
2128
1366
323
1043
1040
760
1699
302
180
1212
1785
1097
1175
414
1723
1116
2273
908
423
677
1379
1758
192
255
2023
1529
1270
1884
417
909
241
1592
121
1629
1237
1513
1536
1956
1902
499
1974
1092
589
2049
700
111
2175
1457
1168
689
128
1286
777
1722
1778
44
2197
2114
1499
1308
965
337
1961
1388
92
1583
1267
1516
729
2225
1476
1394
1075
741
1326
1192
2261
1747
448
600
1716
1838
1210
2258
1324
950
1772
496
273
2154
1803
926
2096
1621
1867
839
2281
2038
1332
1264
2289
1551
1165
17
85
860
1400
2064
114
1632
1316
1017
187
1465
1454
1542
1602
1036
2031
1132
1325
1817
1999
1569
2165
1696
773
2048
346
380
701
1525
362
227
1925
1104
1613
1639
61
88
1877
1776
576
1434
132
1215
620
394
1429
1262
450
914
79
45
1291
882
621
1077
485
1033
1829
1405
1943
355
503
1863
2042
1047
1790
1745
1749
817
1265
1653
1468
353
511
1752
1997
1216
1842
830
1658
1665
1279
1331
335
1959
1226
1990
832
2151
2160
1179
2124
103
1799
523
725
1737
425
304
276
1880
1399
0
873
299
1015
2039
1706
1312
1001
518
1575
931
774
971
581
5
721
868
2033
1425
1498
1373
6
1351
936
762
533
1561
344
432
1071
932
707
1757
1187
13
2164
257
182
47
866
2078
1638
123
2139
1810
28
150
1820
321
567
60
242
1984
1129
405
1856
2107
2017
199
317
1507
129
1395
1958
1330
1285
1522
805
845
1521
1808
1555
987
2112
1715
737
742
1194
433
2232
339
1211
918
2025
296
2219
509
1358
1127
1660
1598
1494
1091
888
1143
638
604
2264
2172
1213
2204
1777
1894
534
71
472
501
492
1004
1181
1977
532
1272
1502
1849
2242
1409
998
2239
2149
351
849
991
77
2244
1648
244
645
1214
531
890
2236
1687
1242
75
514
268
769
1916
177
1138
2137
2268
1131
1247
1019
1101
1950
1384
1972
1023
429
249
419
1254
2145
1794
1573
2272
940
1895
51
1087
1376
696
1056
648
1727
736
528
1073
1506
30
582
2111
2247
1374
1647
2014
1360
2070
1095
1090
1027
1492
627
95
1361
67
1540
16
955
470
1793
2203
1031
1049
1072
761
740
1419
1334
378
2253
1677
1038
1432
1876
1626
1593
1118
1280
1976
944
1907
1335
1603
133
564
1505
303
1577
2189
1130
1221
630
1952
1989
1695
2135
2223
695
884
147
365
958
552
1987
732
