1760
1474
97
63
1545
1040
1372
2125
1816
1679
1360
778
1060
2108
1898
1927
2113
1697
453
2094
434
41
646
400
1868
2085
1472
1253
119
2282
1485
0
1896
692
1308
1995
514
1544
1698
1718
2050
2058
212
135
629
1280
2065
159
773
118
2104
1138
1077
1828
2223
2030
977
1519
1043
1393
2200
2163
1075
1106
1348
1981
2081
1112
1837
1736
1953
913
1378
1473
1159
306
153
505
2033
874
807
1757
2063
1381
1627
11
618
2242
45
272
1182
1520
597
1301
1015
841
2082
1428
486
1031
642
796
1554
1997
790
733
1132
1893
853
1179
70
840
1880
703
1628
640
497
1205
883
649
273
2160
1209
830
1497
1635
2136
2221
1008
1977
852
664
422
1563
571
1550
680
303
919
768
592
559
963
1975
1686
75
949
229
2193
813
203
1044
1734
1249
1069
1334
528
555
1908
1016
2216
302
859
1754
498
1105
269
1943
522
2047
325
503
309
1832
809
2045
815
1354
2178
1005
1818
1596
909
1755
961
224
1788
631
1461
2028
651
1296
301
2119
1854
678
389
287
1632
1682
2171
1900
1118
741
19
1820
2140
527
1224
1905
1413
1383
554
1123
431
1091
906
1342
467
988
821
2089
863
1863
2095
162
418
1759
340
478
537
294
934
1068
2181
1823
938
1083
1058
751
335
2214
1369
519
636
1901
2097
517
1304
1221
630
1543
1432
1133
902
1048
1362
1364
254
800
9
96
1752
480
78
1536
1365
20
1404
1344
1799
512
5
1748
1558
1580
811
1476
1193
613
728
565
90
2074
175
235
1728
1403
181
1756
1356
1178
99
507
347
1611
331
108
1717
1066
1269
1798
161
1940
637
1638
2218
1778
410
1323
1426
875
953
1080
1959
314
2176
543
1872
1805
1070
1899
1088
130
1490
1538
2162
1285
127
1481
1219
84
735
2146
2266
1641
855
1845
1688
2153
263
1650
256
1427
134
1464
233
1889
2233
485
1036
580
251
1089
532
2249
1931
1793
186
1746
352
521
1258
1448
1677
490
1528
407
1565
1840
1292
712
194
1197
1996
1462
765
1577
816
539
1600
209
1184
569
1857
369
375
1517
2092
1415
2188
1200
1102
1787
1949
1785
1825
13
1560
2189
844
1509
1540
619
846
2219
1421
1471
1712
1458
995
1664
2283
362
1092
1154
660
641
798
2008
998
1202
837
1663
835
643
1466
214
1882
1173
365
1836
1101
2248
168
668
749
361
2226
21
474
428
614
1579
29
2114
698
2172
2267
1208
417
1774
230
1583
992
659
1492
473
729
926
1076
818
98
1553
297
470
504
652
1574
1811
165
2279
388
957
1512
771
57
1037
392
337
1765
1254
865
1084
2109
2208
1786
1518
1111
2139
1042
1358
781
828
784
1792
169
736
1646
1591
1277
627
966
801
862
1602
899
367
1409
2017
1305
898
406
1047
1479
1913
1063
834
81
2277
438
39
1618
1218
1946
623
1238
860
1772
1055
1733
2152
2253
86
323
494
2057
1392
1
1764
1108
1366
267
2203
980
1467
1958
709
993
180
2206
182
129
1692
2068
403
2261
2
103
2245
380
150
2103
26
701
339
1860
1161
50
857
281
1844
1189
1673
345
634
241
1143
1566
871
573
1310
2069
1128
1416
1134
972
1897
1009
1988
117
582
1382
588
2142
611
979
2071
1247
1668
1978
1096
1244
1300
125
1827
1984
258
390
754
1311
425
1361
962
911
500
944
1843
2064
401
220
2268
292
1879
88
686
1294
1375
1429
1910
1010
385
149
1002
1113
393
336
1326
2199
850
275
1431
1951
750
1049
1204
1894
1801
2271
552
1637
250
2043
1715
1839
706
1034
377
578
707
2105
2273
278
1719
568
354
1373
1082
1582
1262
1852
2021
1807
1592
2158
2205
246
805
320
2051
1494
1482
1530
2087
1781
1594
2034
1775
350
145
1345
724
583
1017
1251
1749
550
261
1483
1309
1022
1282
560
506
1886
1054
1878
1135
382
2056
1936
152
1071
927
924
671
1671
1006
1762
423
27
2192
1934
1806
1888
456
1855
334
605
2147
1158
2096
151
1829
1078
2032
464
2067
1623
492
737
68
2254
2228
1299
1327
1407
1869
2055
2000
1207
950
52
1504
531
1139
922
10
1028
1056
1287
280
1856
973
293
1073
405
462
715
266
663
1732
779
600
2227
1708
581
122
595
1252
1144
1659
585
884
2289
1696
1307
2287
257
1389
1233
745
986
1815
788
1998
289
2212
803
2276
1865
2207
1140
2027
782
564
1355
283
371
1790
1357
2133
1833
185
2173
2225
1272
1335
225
49
547
31
1750
1245
1046
653
1295
617
705
1665
1515
488
2292
1660
740
848
904
1971
1116
2217
833
1149
1605
1302
584
2106
721
2038
1626
888
454
2100
1065
999
104
1767
587
591
1064
311
1239
1188
1085
424
590
2164
1151
1331
742
727
62
1183
242
609
1974
1336
1350
1195
1220
2258
1652
427
344
1779
1020
1989
1640
279
248
94
1796
1727
341
1506
516
2236
1127
1379
525
838
1945
1026
1228
2138
1001
713
1871
791
1185
508
463
2053
870
526
395
1456
593
2015
190
690
2075
1434
1273
2165
138
1289
1861
1967
356
1670
1658
1552
842
1276
1493
1399
195
1470
102
1052
386
1423
1809
1814
452
1007
338
1126
1735
604
755
1873
1162
493
1859
112
298
326
502
1445
170
53
610
1834
396
1609
843
723
513
343
1513
461
236
942
1903
1263
731
2220
1928
710
204
1920
1035
2093
1585
2151
132
1800
851
2009
2157
572
1849
2003
2183
2111
1532
1465
36
825
1858
1023
215
1691
368
284
1206
1098
74
626
299
321
632
989
1703
905
379
1398
1573
2036
804
1074
200
1131
533
1033
1631
756
1911
1157
869
1875
2035
1145
144
1436
662
378
1155
797
1165
1526
894
1891
172
2174
69
1500
1390
1338
1919
329
381
1850
1444
2262
832
1621
1615
1498
110
940
1763
920
487
1164
199
1768
1018
1887
2169
1121
426
124
1234
2029
451
647
358
55
1410
598
1484
2083
2143
1617
1030
1306
930
1320
1590
1291
1804
304
1930
177
1516
2107
789
1902
1283
253
415
1455
141
1447
689
305
1643
2115
330
164
2237
639
2023
420
1004
1469
760
1319
265
557
2204
1488
1125
1625
8
1938
956
359
472
1314
945
445
674
1916
2280
620
985
1412
1932
2175
2286
1620
277
2222
210
1653
47
259
921
1847
1884
466
2040
276
1152
383
657
1630
1317
1196
2265
1982
239
430
1586
757
1722
201
734
2196
30
2156
1298
243
95
408
1822
2126
1439
1702
941
1629
1330
1475
964
744
889
1332
7
1789
2011
1542
216
1507
936
1312
107
446
2288
943
2066
2031
1979
947
414
1570
2001
1454
1634
1924
937
1957
1201
1706
255
561
2149
308
1838
1655
2264
419
2102
822
1499
221
1374
1340
892
2259
1109
363
160
1450
1851
907
1057
1613
958
1741
1661
661
1093
603
1672
1032
2155
1842
2244
534
775
1986
1874
638
1406
787
1260
802
324
826
931
1441
873
607
656
1667
1633
1114
700
205
1666
866
1396
1824
409
1170
1575
762
1297
91
1124
198
1012
1199
2046
1751
89
1129
759
916
285
1937
327
1176
699
286
2116
351
918
673
688
752
1992
644
25
1619
1784
599
997
2084
719
776
1229
518
439
1710
264
1443
1561
2269
384
1265
2285
471
990
1324
682
1414
1680
1187
1704
1452
136
1721
730
387
1603
2037
1999
769
82
196
551
1180
2041
1960
2194
739
187
1014
1086
2272
2275
806
1624
459
2144
2134
693
890
1353
1941
2118
2195
2235
720
22
238
2070
1969
477
1097
951
1511
1695
1980
1167
2234
2002
925
357
176
1956
1907
2123
1925
1256
1922
1446
1137
624
654
2229
2049
65
897
450
2202
970
370
1795
1243
1293
1890
648
80
1533
1438
2137
2091
1514
987
545
1503
2161
448
271
2291
974
726
2148
2243
1921
1947
1766
1589
1029
714
1987
1370
1771
2099
666
1662
455
222
670
567
1181
1495
872
960
2079
1817
1529
1783
1797
1678
1599
893
140
72
1231
24
785
1122
1107
827
2018
38
1371
725
51
1388
2232
442
891
15
530
2039
2078
2007
854
556
1962
433
1051
373
2239
939
2263
32
1709
1970
1215
1160
576
1480
1217
469
761
364
1094
2121
633
1186
64
1551
1639
829
1241
1909
1333
56
1325
1288
18
879
2186
1808
1171
1025
2190
332
2086
1174
2247
40
79
1459
1194
93
1141
1622
2112
764
106
83
4
1743
1150
1203
1955
2090
946
355
814
819
1705
391
2062
529
37
1912
586
574
288
965
228
981
912
2054
260
310
1656
511
676
933
1257
48
227
113
2177
1714
1835
903
2210
432
2088
1230
1991
665
1050
33
1213
2166
711
895
799
923
1449
1906
2180
677
667
523
1534
1274
1318
1724
1864
67
774
1742
1501
877
1175
708
1676
1502
421
1119
1062
694
317
621
1496
2197
137
976
2024
489
2260
546
1313
538
54
983
1259
1377
23
1391
991
861
1541
1278
2048
167
1214
262
360
2238
416
1061
675
1651
484
510
218
1769
1648
1606
2284
42
2120
558
1424
404
1027
1803
16
758
189
783
704
440
1359
1881
2012
1707
376
1523
535
886
2141
1346
35
1685
1337
1935
1172
1994
2004
460
173
823
12
2224
1885
881
1489
501
34
14
2290
114
984
1368
1773
1286
444
85
763
87
817
1976
1915
76
917
1169
491
435
46
1892
1711
1848
1339
746
1729
1973
1810
1095
628
413
702
738
1537
549
867
1522
1468
1572
1038
1457
1883
1819
553
1397
1954
232
856
901
158
411
563
1222
2080
2159
219
207
1812
1237
307
60
1776
596
1487
372
2209
2052
1376
429
1235
1271
197
1508
109
1290
1267
1578
77
1644
2246
1411
1649
1136
2059
1226
2101
849
625
1610
2201
820
1571
1477
1758
608
2061
399
402
394
1684
328
2154
1232
1223
548
847
1853
1067
1521
3
594
206
1387
1821
1003
43
968
1780
824
1130
58
1045
808
479
1547
1539
1830
1147
1693
612
1430
520
1737
982
1315
887
509
234
100
515
1567
1156
2016
184
876
2131
1700
1395
1598
935
1525
786
1463
143
2129
1870
716
1394
1918
954
1081
1556
932
1564
747
541
1964
1142
915
237
606
1437
681
864
2231
1549
202
1420
524
1255
191
291
845
353
1612
2257
17
766
2122
1846
295
691
1400
282
1419
322
1557
1608
2255
948
147
247
1669
296
240
319
1720
2128
6
116
1246
2073
1841
188
449
333
1453
447
105
1117
156
1386
1013
213
157
437
28
2191
540
174
482
717
882
2182
2187
1146
2230
290
1862
684
1236
1422
1877
575
1694
1584
458
1329
1983
1726
1435
1212
1367
1072
178
2135
59
1831
313
959
1867
2117
577
348
366
978
1019
2010
885
812
1614
718
1266
244
645
839
397
2042
1747
1636
1079
1177
126
1363
2124
1425
465
1642
123
1923
2252
483
231
687
249
878
1683
2044
148
1990
2098
1948
1939
1593
1261
1535
2167
226
1322
1753
270
1802
436
1225
2006
1654
615
1510
697
441
318
1739
896
858
1681
672
1000
1190
217
2145
1011
1963
315
1657
73
792
748
562
2179
635
536
566
1059
1402
669
1405
1690
111
374
1527
457
1275
171
179
1024
928
683
1351
1716
1950
2278
211
1866
2013
2132
880
1442
1486
2198
1687
183
268
1555
967
2005
1216
1099
732
1952
346
