2095
143
1720
2211
264
2185
2192
552
465
2190
303
911
85
228
842
1379
1128
72
1639
805
1822
171
1029
997
1104
352
1927
2064
553
1809
2171
1915
1334
1670
682
211
1609
1920
1840
1953
1896
128
1023
156
1086
2049
1984
416
581
162
1202
1886
206
1994
2140
1294
1259
734
1423
1846
788
1925
432
1511
580
258
887
1790
754
723
906
1200
2118
1593
1084
1811
722
1814
1772
790
1039
1937
731
1069
2214
1311
120
1225
501
1962
1818
852
595
1798
979
180
479
1214
1677
274
1121
1300
945
1775
1249
941
28
1055
450
1743
1914
415
1126
639
87
353
1173
1659
12
1185
1371
1425
86
838
1374
1898
1550
884
2116
110
114
344
1619
992
504
1046
1142
252
385
426
1517
2115
508
1233
116
1439
1525
261
713
454
1930
1174
1844
651
97
1800
452
378
524
743
188
466
1495
1430
1998
2170
136
1207
1712
1367
1113
119
2262
1074
1134
898
1576
936
999
627
1833
704
2045
1348
220
1900
2038
1048
2238
1399
1040
804
867
1411
1494
1719
1299
1344
313
2173
1874
1559
1832
1667
49
63
2015
1504
2189
1624
1285
1139
1160
1012
2169
698
697
210
1724
1571
1978
1303
1021
606
2183
1453
1611
100
1267
503
1943
473
2156
36
792
841
1131
1496
676
79
1282
1261
1385
2168
1715
1359
839
146
1162
1465
1231
1027
266
1357
994
477
1115
316
410
616
865
1062
647
217
1823
101
663
118
1310
1881
275
194
588
530
1644
103
314
1123
1328
319
954
1752
1189
1845
1043
1461
251
1187
1164
2050
318
441
1722
2129
1182
93
2141
673
886
215
2179
671
2222
1286
832
1315
1479
241
2158
675
2037
1852
1641
1320
268
1666
2119
163
874
1407
404
721
1364
467
2059
160
1350
2161
2085
197
740
164
1232
1884
1327
1649
293
1751
1872
1217
2017
689
1922
55
138
1498
2241
2128
337
459
288
497
1150
1702
1429
1827
393
1735
1705
1441
1921
1219
1073
1572
1684
1094
670
1761
1428
308
1432
1198
1912
1738
1880
1356
2051
1178
1389
995
273
1269
1212
1092
1552
300
1071
174
2252
900
380
577
1064
550
2096
1448
857
728
1096
448
1393
1456
1892
278
690
1820
1759
921
157
757
2264
2065
2134
113
2032
59
2182
1749
94
1688
522
323
1766
912
846
1983
1538
609
122
795
1585
1434
1859
960
1045
1955
418
1616
794
2043
931
374
1652
31
1169
1741
267
2148
506
1687
480
591
1440
669
833
638
652
566
1931
39
1007
2131
962
1368
660
1493
772
185
1149
154
1563
1183
908
336
1396
1358
1426
203
2113
205
1546
132
768
446
2135
576
1708
1363
2232
1969
387
1807
919
475
1152
1093
2268
134
631
433
436
1586
2090
1019
1050
289
858
295
1509
847
2195
718
736
2217
1510
381
1248
1549
802
2121
1332
2080
509
2196
68
280
943
2028
1459
2272
1787
2247
1908
2250
1561
2009
443
391
123
966
1488
1796
1211
2178
1417
594
2012
445
1565
1124
1341
1604
563
1615
1831
406
458
2057
2224
2010
2197
2072
748
2163
1309
1949
904
1457
515
1135
423
1689
2101
1513
2204
596
1704
1527
511
2212
484
2175
1098
1850
2039
1193
1100
198
262
307
1804
2285
1307
2120
2004
172
1235
2274
299
1175
859
471
397
1648
1694
1006
347
1419
2067
1824
1868
536
1863
1858
870
1143
634
1454
871
2271
150
286
737
1745
610
1672
830
400
980
990
2041
1466
608
1674
65
1452
1853
1871
2091
246
525
1612
2079
1438
75
1470
21
1314
2104
730
61
44
853
800
1273
71
1276
491
1698
29
249
776
177
927
127
2290
895
863
469
1970
519
2123
1860
1803
1560
1237
109
1105
2007
544
1956
1532
2218
1976
1605
1188
315
1179
543
1529
1503
290
724
1296
1047
1346
1037
854
545
181
357
229
1478
2154
2201
907
993
1059
232
2103
1051
1507
986
998
891
2081
1867
1449
1587
1053
1056
1330
107
1736
725
1406
1637
358
1171
2256
2259
1714
840
468
2006
1167
1797
914
1481
950
1352
1222
1268
1386
339
1985
1634
1251
179
1692
819
407
1009
124
1847
1650
1792
1685
56
526
520
208
973
1843
935
899
815
1567
1601
2008
1620
537
1534
500
190
1156
1974
949
2106
605
810
1355
1651
1103
1903
862
976
961
2083
88
265
892
2210
2022
434
1782
2216
269
16
658
1008
1535
1758
1526
646
81
1041
1675
67
1662
2205
1361
5
1773
1422
752
538
2078
2240
622
688
934
1265
1972
1904
574
226
1857
1388
686
1754
888
568
2144
1877
693
494
779
430
621
2273
656
272
1789
711
2021
1584
875
559
1673
1512
1901
48
1734
947
1505
142
1591
1907
1287
551
1402
1519
2026
419
2033
714
277
283
294
1988
420
1545
809
764
482
1020
329
1747
1501
1376
1551
2127
1539
1713
1836
1678
1213
726
230
687
1177
105
193
22
735
1665
1499
2092
1617
236
1372
1835
361
1614
225
1158
2100
1394
1987
645
1450
1556
345
1642
1548
409
223
76
864
2122
715
1272
1243
1573
1729
1097
2160
1771
186
712
78
46
778
1982
1336
780
893
1964
767
175
823
2208
2084
1087
532
1319
1168
1144
770
1186
1271
1631
1864
2291
422
909
34
1072
2162
1580
1769
1992
611
271
487
1813
707
2002
327
1395
176
1197
1825
582
938
1829
1703
812
54
1293
703
1443
2220
1936
903
386
1112
1204
1227
1564
62
2149
326
1774
1447
2143
1660
2233
1608
1795
1244
2105
1607
783
1837
202
2093
196
816
944
2191
910
856
784
1161
650
1230
191
2225
207
1031
502
834
370
1483
1301
1861
1700
1281
2166
2227
449
861
1691
1338
1647
297
798
2186
562
463
1606
395
1165
1226
685
1879
1917
1130
414
2031
1201
732
548
496
235
1711
1757
438
1151
613
192
1083
1897
2074
1000
1206
1305
1117
1329
1001
1638
2239
1765
1414
705
957
766
1522
843
0
242
1533
1826
2229
1627
965
869
1748
2248
791
1786
1542
928
1707
1362
1421
1477
317
890
461
554
1054
389
1693
636
42
1625
1645
2260
19
296
1342
1760
758
1486
2215
1476
1781
159
247
108
1600
749
2286
2147
946
2223
1252
1537
1899
2040
1521
490
1034
1990
1026
2063
1733
1882
2130
2167
641
720
312
464
1817
1661
1228
629
1841
1883
224
1061
829
751
349
2024
83
1635
1068
1172
1101
408
1686
1989
1986
368
1122
442
619
1224
1676
2027
1629
2245
989
1770
814
80
991
585
131
589
883
513
403
133
1326
1279
2181
1610
396
1557
2137
1102
1392
1085
1799
1744
1887
1891
1412
168
659
256
1547
2110
483
1890
1119
1581
978
2261
1028
668
1210
412
1278
1288
558
472
1418
2258
822
32
851
733
1589
41
1726
2034
1360
402
2221
372
1099
2213
2014
2267
1111
254
657
742
1078
341
968
1022
1203
40
572
1965
2070
1973
1024
1220
564
1696
1289
716
130
170
1679
599
2255
1566
679
741
456
237
560
390
831
963
182
1875
1543
2136
662
3
1732
601
2226
1033
1596
1003
1018
2284
1939
413
1383
1878
417
50
1274
2132
583
7
1856
1196
365
2184
1873
1577
1865
1783
371
848
1057
362
587
1321
667
1349
2145
681
23
2112
1932
1141
2055
2102
1767
1390
518
2281
2263
364
1695
761
535
1082
331
102
600
1842
755
699
106
813
334
1446
860
1095
1918
33
744
2025
1109
1377
756
2111
320
710
279
2048
597
2125
204
1075
1487
15
1785
2180
1690
1508
1731
1979
2230
1706
1810
925
694
1570
11
1716
881
2235
1967
1664
2088
1944
1216
765
2199
2289
2047
306
322
1275
1015
1475
635
1415
26
359
586
1157
1246
727
1913
2279
1788
1065
739
517
1802
2243
771
169
1528
1030
1205
2292
1304
1089
820
1588
453
1375
92
844
1681
377
653
1995
1948
2174
330
801
2282
1583
1
112
2056
642
505
495
1442
974
1408
38
569
1221
1530
955
2150
964
1234
1154
167
1959
2283
1683
1192
384
774
425
1298
1166
665
1808
135
474
1400
889
439
360
1467
1515
321
1923
896
2077
74
1740
151
1855
383
590
1016
1657
1942
1382
435
924
24
2242
1004
527
104
777
1370
485
1345
1888
421
623
1909
1353
2089
1283
923
615
680
1401
2097
1590
363
1839
717
1236
1622
1208
762
510
897
1935
324
285
125
1118
902
1894
470
1621
1455
462
926
633
1753
1258
956
1325
1485
787
1655
222
1746
1391
1079
969
1500
1630
1146
2124
1806
1451
89
1148
460
2019
348
1489
983
240
996
1578
2269
677
35
917
429
216
1245
1308
984
1343
796
2016
64
567
1063
1780
145
1473
625
187
2287
1977
866
1080
447
1933
17
1014
2082
2117
1229
82
2193
66
144
1574
533
985
382
2036
1340
304
918
13
1011
2003
90
2046
1180
276
173
1284
786
1066
1331
1025
2042
2198
310
1458
1579
1793
2109
1653
1297
1728
392
1658
1906
1405
2177
825
2237
1409
492
782
1562
2075
1671
328
60
1137
91
1416
706
1070
376
531
221
121
1777
1876
1981
111
231
346
126
700
2288
1140
879
401
332
691
1838
1971
1940
451
2099
1924
845
1885
2253
1750
1436
1482
540
1036
876
988
366
1253
763
1354
2194
1952
1851
379
257
817
141
1369
1195
1484
263
1680
335
158
977
1490
2044
514
1242
1366
1756
877
775
643
512
96
2236
1895
250
155
628
1215
1292
2058
1849
1784
1410
915
342
305
930
2203
1060
2207
939
1333
547
1266
227
821
2278
1381
922
541
2098
573
702
1306
1106
1256
1437
1975
1136
4
1291
1723
218
1889
253
1699
1255
201
287
1816
803
793
799
549
343
1238
1764
982
970
1492
2
750
1821
1541
632
6
1854
437
1373
811
654
2030
369
1191
1067
648
1966
598
785
478
1558
808
1218
2133
1646
98
2187
2142
212
942
2176
1569
301
1941
678
579
1727
51
2251
10
1582
1155
1776
2200
674
1077
987
1779
1656
2266
1947
655
2254
2011
2001
2139
444
37
166
565
27
1147
507
219
602
95
1961
1088
937
1518
2146
789
1413
828
1163
1339
1834
2000
561
2086
753
394
325
617
745
1316
1919
488
1999
575
117
493
195
2159
1701
557
971
1170
1960
1682
405
1017
1954
1602
1035
523
2209
836
920
1945
981
1295
1536
1120
818
455
20
189
1739
760
9
759
640
373
1190
1968
1044
1313
1592
1257
399
850
1420
476
1524
199
281
139
2053
1277
340
1254
2023
1869
1958
1110
951
2035
695
260
69
70
1523
1223
1963
624
2231
2076
929
1445
975
959
1116
2219
1263
1247
1555
932
1159
2068
1469
1603
245
355
1632
618
1181
14
612
1052
411
1497
183
2249
148
43
1125
1725
1460
2280
2234
1870
604
214
1323
2020
1474
1794
1905
2152
1815
746
1133
1762
1755
233
1594
1380
885
1335
140
234
534
649
282
1636
1114
1322
184
2228
1337
244
880
2108
1262
614
2126
709
1239
882
2052
940
1599
1506
2138
1791
781
637
45
933
1184
835
542
2151
1805
683
570
738
664
2172
25
1778
1643
1005
1663
1491
1991
1502
2062
1472
1597
489
719
1378
1108
872
1081
1902
773
58
1427
1531
1718
1628
1893
1866
826
827
270
311
2087
1737
248
302
2265
1946
1668
1929
2276
1819
428
1654
1717
1553
1540
1038
878
238
