1925
2098
135
108
684
1424
227
971
1266
1145
1892
1013
866
693
903
360
187
1416
1435
1284
185
514
994
1573
1003
1720
2176
2027
1191
1767
919
1468
1388
240
30
1377
872
224
2245
2252
1898
865
1761
1189
973
2129
489
1455
802
151
1770
766
2016
1452
399
586
1264
967
2037
1816
1358
1952
674
1524
1910
1120
785
765
308
1557
682
2008
776
1618
55
1536
545
910
1270
1127
463
885
1652
432
1257
488
110
841
1881
594
1070
1063
188
608
351
1061
1184
1198
1005
1802
433
721
2076
2113
2021
431
2223
2173
1841
263
1840
1062
1487
1884
628
346
870
1330
954
1904
1498
1336
731
1010
495
983
1579
579
483
595
1766
1569
285
1660
788
1607
989
680
1225
129
1122
900
159
1931
694
792
1014
373
168
849
1431
204
1842
831
873
905
1375
2083
87
469
1432
1437
497
1006
2263
1075
617
2286
902
1098
182
1232
333
856
117
762
510
2209
1055
1084
1021
1173
614
2139
521
1955
493
1303
283
976
1582
851
895
573
921
2121
367
46
1755
2004
201
1475
2082
1340
2095
1971
1318
291
380
102
212
1231
1779
1544
2064
1428
515
142
1987
1507
53
1016
1920
937
1462
1805
318
2109
992
1859
2229
685
536
1350
1561
504
128
1157
1031
420
1185
1721
323
2212
1234
1237
615
1951
177
175
1676
600
1188
325
1050
1609
2158
478
1583
789
2181
2117
1719
246
2046
790
759
1989
676
636
1312
1002
284
662
584
604
1399
309
998
2255
1046
1903
1516
961
1385
1363
836
2172
1315
824
2156
1305
2133
1690
1539
436
1571
717
875
59
1622
1629
322
455
184
1465
2235
932
413
607
601
435
1499
1810
602
1137
16
2249
1161
1769
1531
2198
1919
1278
1520
1533
2150
1044
1602
328
235
1877
1238
2226
1018
255
1876
648
555
1196
1230
1441
2110
1806
2140
1398
663
1476
161
62
544
939
2153
1649
1742
414
271
605
0
774
2060
1094
1964
1301
2011
505
933
2006
629
863
1545
2276
1059
1275
444
563
330
818
852
2210
1226
1795
1332
568
829
225
236
1352
1562
2183
1288
745
1565
1320
1623
1182
1273
94
2197
56
150
1067
558
407
1176
1444
541
1403
10
99
1151
1221
217
2238
222
422
2215
778
891
1969
2101
2105
2106
27
696
2017
651
279
1068
1422
681
1210
2152
1092
306
1965
1725
1764
44
1901
1825
2219
198
1179
728
2059
960
736
2135
1244
2203
68
481
1240
2116
1574
987
387
1977
1442
71
571
1204
1276
1260
1053
1307
1299
2143
697
531
1838
1529
35
134
1961
18
593
1104
451
1370
538
158
2141
316
1741
799
1316
1902
689
1417
479
2096
1414
2137
1215
1937
1827
2145
1200
1314
2036
2003
882
265
1036
2125
340
2281
1076
556
1446
1975
1978
1613
1449
1624
1988
2154
133
1799
1472
1597
166
189
254
1300
1327
109
532
311
1608
2195
1667
298
1713
934
981
1128
7
1317
1086
1469
673
1862
1345
348
1726
1924
2043
782
793
389
2108
1893
1222
812
2031
1714
273
1344
1419
2185
1012
14
950
1090
547
1147
2273
887
1869
1678
183
1069
1460
368
447
1890
1180
1386
2028
719
1071
1265
801
800
809
692
1049
761
810
103
1072
587
1527
123
528
1875
2063
477
2285
1581
535
1568
2057
1163
1387
670
353
725
2187
1843
2124
881
1253
1473
564
1976
2040
2126
569
452
2217
899
2032
320
1768
968
2160
658
1412
1405
654
2079
2138
1991
1243
1510
326
639
2044
1057
9
1577
2169
516
1077
709
2292
1131
499
1866
2014
649
86
618
1650
2192
1815
738
1219
1941
1450
879
1551
1588
1024
599
405
1745
2065
1958
1818
1117
1149
1968
101
640
645
1457
1404
205
400
1787
924
398
1701
1738
1039
219
2111
1177
2018
760
1164
303
1178
2086
1845
1698
1972
724
140
492
48
947
1065
1800
406
929
218
1453
457
366
423
186
2272
338
1298
1152
2244
506
2261
1026
2206
1732
1993
17
1945
393
1310
624
2070
1040
1974
1139
1858
1106
25
712
464
655
216
562
1760
1549
772
643
395
461
2029
526
1630
1555
1909
1015
1695
1550
1528
1534
1780
470
1381
112
2088
633
487
1889
272
524
1296
2010
1267
170
718
1434
2191
439
1289
63
1439
113
345
1160
118
2022
1429
1512
779
302
1542
1997
1224
1132
374
2167
449
747
1928
664
440
49
1334
525
361
144
154
1778
2236
500
1723
816
1894
241
1397
1558
480
352
471
1867
1477
1009
2182
1826
542
993
1144
1402
825
2030
155
1637
1938
259
418
1730
1287
1672
178
130
559
1202
1008
1282
2078
1794
742
970
1097
1967
193
1844
553
1834
1960
1032
767
1916
1218
2107
1807
446
1992
1206
1423
821
855
1880
1374
350
482
131
931
561
1392
1309
1017
1464
2220
1246
823
1722
1998
880
1481
2161
2047
1944
38
637
126
1456
1665
1112
1642
115
1596
1506
95
2033
1393
1165
2284
815
982
1020
1140
1663
213
1821
233
1900
1019
4
1353
2102
743
310
901
1812
1846
211
751
2072
2093
2253
2061
1803
1274
2134
392
1513
196
846
626
1641
1636
1037
554
416
2248
1236
1123
286
77
2250
1354
468
1223
262
1083
356
940
1113
1943
1792
551
1048
147
995
833
985
476
1280
1111
1744
1973
2056
1480
2216
1025
199
465
1359
1488
1939
1329
1213
384
332
136
1349
485
1655
1105
1631
2071
2225
1433
76
2231
741
1873
1338
1159
1762
125
603
1896
591
606
1946
917
1691
1687
775
1064
1786
20
1522
1773
567
1837
428
462
2157
501
543
520
1685
494
342
659
878
920
1855
740
552
229
1801
507
223
195
1659
2130
43
695
1673
1592
2039
238
1304
1530
1864
519
1369
119
453
1087
1735
1553
653
964
6
1466
1479
704
2146
1116
2000
1922
915
2035
1436
621
1634
575
2230
925
2177
334
623
1341
1645
1674
1772
280
1567
2084
972
889
192
1681
2058
221
726
1601
2148
363
1605
305
1995
1718
1912
807
958
1851
1
410
577
1756
1850
716
1740
1096
948
1627
1148
1217
1400
1783
1543
258
1262
2262
1408
781
922
1820
1066
1251
675
2278
45
1045
1367
1322
951
1129
427
458
943
264
2293
735
2099
1078
949
1669
1254
1323
1956
1882
923
529
287
804
2174
2120
2269
349
2147
843
2005
2087
1865
1333
385
737
1878
1100
388
1142
2290
419
1625
1706
98
503
1702
1501
868
1504
1874
2012
522
1587
560
963
1926
1595
2091
656
1675
1692
215
394
1291
249
2092
1454
650
980
1696
1158
1491
281
1438
862
401
2282
1963
616
2267
2123
1617
1362
1661
245
698
2090
1575
834
1505
15
2112
2118
2280
132
60
1511
2025
138
814
2066
253
454
1836
21
2178
251
2026
2205
1849
1331
171
181
897
590
162
768
1757
2073
854
111
596
540
1711
209
763
1986
459
764
2208
490
883
1899
438
1519
491
1700
415
242
278
51
207
66
312
1790
2207
1268
141
2094
1028
966
660
523
2213
47
1684
1532
1497
54
335
29
1107
1326
1897
40
611
1339
916
912
840
2009
2279
1852
2165
1570
1169
1879
1643
1252
1285
317
822
1911
1604
1535
1688
294
1994
1603
641
200
1471
382
557
753
1752
565
1216
208
1940
1981
34
1371
2266
1861
1415
703
572
598
1373
429
1509
533
570
390
434
597
1888
732
288
1699
938
2246
2131
1093
237
803
1680
1495
1483
835
8
1463
2045
2179
403
1921
1709
153
473
1346
1458
1118
2199
104
1490
75
2020
1789
817
36
143
1181
1705
1379
146
2051
926
977
808
2001
585
191
1923
988
1985
1736
1124
2190
1954
962
2054
1600
174
845
2042
1235
1854
2184
794
257
918
627
946
974
2050
1101
314
1771
1824
149
797
1337
935
1657
625
296
647
194
90
1670
1027
1868
2243
1683
1372
2168
1095
1959
702
1813
391
1886
1022
1250
1425
2089
517
671
1418
425
844
347
173
467
1410
722
1000
1073
1689
858
1948
206
2275
1743
1134
445
1576
1857
1043
1103
1205
424
1175
959
50
12
1297
421
1620
1119
952
210
1130
1041
73
666
1311
828
769
1935
2283
1290
1563
1979
1559
2287
82
355
1141
1038
2268
402
163
1833
1984
293
1493
2104
450
888
1212
304
234
1478
1819
202
2254
88
748
1716
715
1155
114
705
669
909
1537
1829
2189
2200
1135
1461
893
124
1957
1781
635
1413
913
749
1209
1211
2241
1817
874
1580
1248
754
1174
1121
1628
578
197
1172
1365
1368
139
91
667
2002
908
1489
744
2038
1356
1750
1154
247
1980
1793
456
2049
791
996
1447
1042
642
1540
574
1192
2240
1074
2233
847
1194
953
886
292
1286
580
1467
378
1983
819
1272
2007
1614
404
876
904
1832
548
1704
1136
613
72
1007
1662
898
2067
1538
430
498
176
1830
1030
2103
1207
1306
1058
1089
57
2075
1214
148
1671
1962
2170
672
307
1170
301
813
1788
1564
2274
2119
2052
1619
1361
2265
1863
1554
1908
214
2041
313
1208
243
986
2122
69
864
2256
1162
1828
646
1220
160
1166
534
710
1598
300
157
1080
78
1335
339
1033
1707
1593
1343
1797
2127
1653
1947
145
357
1108
690
734
96
1195
644
1448
631
1390
1853
936
1051
928
167
527
999
1406
24
1004
820
1351
83
1054
739
1366
1396
1814
381
2062
2180
79
1459
67
85
1679
549
1754
2258
1342
1321
1391
1658
1784
941
906
1255
1193
907
409
1035
1324
1325
1279
371
1518
1930
687
22
1380
1029
93
997
2097
832
969
1606
518
1552
261
2
1949
2221
798
252
1382
713
978
354
2193
1395
486
437
733
5
1138
1727
1060
830
1190
1848
930
269
1796
1115
955
1887
396
2260
97
914
2239
1126
942
1052
1996
472
1171
1835
412
780
474
1485
2080
1906
1782
1640
707
295
1376
1703
2023
1929
727
1847
190
1763
1871
2188
2196
2013
13
869
1648
723
74
652
2171
857
383
1292
232
1233
2277
2132
2211
1798
1751
1308
1426
1791
1199
686
289
1546
612
1823
1082
1905
839
164
1079
266
106
911
683
1259
32
230
1746
668
172
2251
1099
426
19
1503
122
220
1560
2069
877
1647
290
370
127
1775
203
2291
1913
589
632
730
634
411
770
1578
1197
228
105
1496
2155
1526
1088
1313
539
1150
1378
1492
511
365
1616
2204
842
811
1443
1430
2162
376
1891
1451
1500
1283
375
1776
592
1203
100
1774
1187
327
1146
1269
1383
2048
1364
795
550
1656
1484
1927
588
2227
777
1109
2237
1733
894
1247
2114
1241
1011
1611
1686
1753
706
2081
1654
248
757
297
896
975
1360
2151
773
1514
867
1156
107
2270
787
244
2228
2259
1966
92
2175
1328
1091
156
752
2234
1808
806
546
1125
268
576
1626
33
1747
1001
1420
2264
860
1822
397
460
1348
2142
1586
42
2055
1591
1271
324
826
270
1258
1384
1804
1515
701
80
581
1153
620
1494
1229
315
991
837
2214
1990
1999
2136
927
1728
853
1295
758
638
890
583
1517
1883
275
41
1765
1809
1907
1932
1664
1915
1712
1811
1758
256
1668
231
1639
2164
1245
1409
226
657
783
448
1590
2128
677
1047
1729
1281
2149
2085
1666
2242
1357
827
239
2218
362
1839
1933
1523
443
3
708
2163
321
1081
945
1860
343
358
2077
2015
2288
756
