1547
538
302
472
1943
750
1581
150
1841
2153
43
340
942
2085
916
1385
2206
662
2236
384
621
1317
1641
2050
1110
2268
597
679
625
396
845
1136
1061
705
1969
1019
1381
1288
1883
108
770
904
1243
285
823
1427
632
1033
1640
1630
2242
173
1967
2168
19
412
469
571
1582
193
223
147
398
555
261
648
2021
353
796
1198
1057
1080
1276
2292
2127
1759
962
1952
972
2086
1217
220
295
1469
1560
833
1357
51
129
2228
104
693
330
1591
1551
1446
1553
1059
1942
1756
1263
2283
554
1587
1680
2179
1511
299
543
1392
1894
966
186
2001
373
721
1425
2032
1528
1880
91
5
2289
923
2028
680
493
1043
1124
1820
713
922
1454
666
1132
331
885
1011
689
1836
2087
2099
1430
457
1171
1282
1071
239
1374
54
617
574
1301
549
1509
1793
764
4
909
995
1234
661
747
956
1901
1145
1656
2285
1694
1174
664
1471
318
895
1378
268
1957
830
45
2088
1980
868
281
1396
1960
1121
2125
85
1010
470
1031
1342
1253
598
2240
1647
1159
641
692
2180
1518
1464
1959
1314
1164
2152
2039
424
751
107
242
185
1249
545
1579
2103
206
2157
708
1252
345
1620
212
2015
1515
1185
1045
1435
710
2223
505
1977
1188
635
119
1328
1465
1904
980
836
2194
1219
2245
1989
2117
532
434
559
1906
1311
475
121
1069
1306
1597
631
1236
141
315
48
1022
822
2279
405
208
2101
2221
1265
101
723
2097
360
421
1612
953
1592
210
1264
1003
603
443
2030
1201
1354
876
1094
225
1366
324
847
1896
739
1631
798
392
1181
36
1522
1475
1397
1603
1803
633
2135
802
560
1658
376
1413
1294
408
1251
1493
383
857
1600
415
1753
1559
1700
316
2225
878
1907
539
170
117
256
961
1650
933
1498
112
407
2167
1832
773
1708
1843
199
1710
1634
1837
950
2171
601
1025
1092
926
583
352
1605
506
309
56
1129
1844
2281
1407
1184
1401
511
153
683
2044
219
1692
2019
1796
1393
41
706
1157
1438
1477
1847
57
368
1814
449
1433
1257
243
1869
313
2093
287
1244
874
154
1414
643
1191
976
2047
700
829
1557
1382
2023
2208
1013
1135
880
1535
527
932
521
2170
1459
1812
1728
1149
1297
534
1486
234
100
1333
363
1213
754
1617
265
1596
42
1848
14
1583
2009
1835
513
2219
2235
590
748
235
1805
1709
2041
2176
1968
862
1456
1691
741
476
2079
1695
103
1348
1074
919
439
2243
572
1313
277
1117
1878
879
1089
912
3
2081
202
23
2253
763
306
348
2096
1842
1405
1686
34
537
1216
727
1177
1670
1442
897
564
1189
1987
165
58
2271
2000
413
835
1037
2067
938
2155
2116
1126
162
1886
872
873
1766
304
1570
1221
2012
126
805
593
49
1548
1745
264
2264
774
911
1646
2066
61
1770
2089
2114
1199
1241
824
1831
1473
2232
1817
267
1666
1727
1120
1406
1377
1293
1588
2026
677
1050
2043
952
246
203
1068
903
2278
496
509
1937
570
2056
1151
1520
968
2198
276
1572
1235
622
1539
943
954
1716
2291
1160
300
1107
1130
32
1443
791
258
1054
1662
566
1373
2181
1991
2163
731
99
1565
1657
772
1763
325
1988
1800
852
659
745
547
1802
1466
735
1806
1212
282
1707
1962
2259
1788
698
7
1195
139
1940
253
2255
1946
1315
920
1449
1379
1444
1226
691
1755
1914
1663
1549
1683
2183
1561
1076
1654
244
531
2139
1143
357
2247
1698
1726
1150
217
231
578
654
1106
701
825
585
1273
188
1341
422
1917
450
2248
1687
1963
194
1361
1624
1852
986
734
891
329
189
423
1220
1154
1083
1604
118
183
2277
958
52
1439
404
1527
1186
92
517
1552
671
138
1504
931
399
2004
959
1128
1108
1238
164
221
1824
2074
169
2288
2193
260
1769
55
1001
123
1272
271
762
1884
1308
1437
886
881
1932
1651
806
1352
274
266
1903
2158
1902
1072
1721
1206
514
387
2204
1027
1141
1418
1736
658
997
1916
724
177
1834
270
2162
1526
1633
2069
1368
1327
1888
1204
1415
444
2189
512
1155
1330
1026
1540
134
214
2266
1088
105
1830
359
124
1335
1720
765
670
867
1856
8
1550
233
1898
459
1111
2210
2094
1790
969
1510
957
487
40
1644
2244
2144
114
1260
2147
1912
626
595
1823
113
1748
1873
629
238
1329
551
1569
1173
2038
251
168
1580
1853
1460
1295
1851
657
2161
1607
197
1390
1103
2258
2036
241
1497
2057
2230
1961
993
1616
1537
218
2071
525
1922
712
102
1450
1713
60
619
1993
1470
284
1292
989
2035
465
62
1161
486
488
480
83
1208
1052
1194
893
616
1298
440
15
917
1007
1332
71
594
130
1042
618
728
1453
446
403
339
502
174
167
602
1704
902
2062
589
561
369
1242
675
1463
523
1347
1085
135
707
1833
401
2061
965
1629
1134
196
1279
146
519
588
1924
2107
1165
427
402
1420
1514
1445
716
2022
860
1938
1807
1639
1732
1051
548
2073
374
906
732
1532
1012
520
1384
149
1939
441
115
1482
1517
2222
1849
478
2025
778
1674
921
612
2092
1472
640
1786
1034
542
33
498
1638
2108
888
2275
2040
171
1020
82
67
2124
501
1490
1702
1162
1104
46
66
394
190
1923
858
769
743
1542
1147
179
1197
1534
1797
1599
1577
1895
2186
1168
1781
1595
1148
649
1489
1660
2282
1935
1077
479
967
182
913
84
1971
297
605
1304
944
1285
792
1125
875
579
1179
884
2165
1505
2095
2141
436
1167
1275
1096
1331
1794
419
645
132
786
143
672
275
1461
1105
1625
1192
557
257
1000
1375
587
528
77
1131
1417
1049
1222
127
803
1086
2213
2251
9
1196
777
752
1237
1182
1571
1047
2098
1370
388
660
1931
1028
364
1225
1791
776
1690
1169
2262
2136
809
719
1391
59
1717
814
1324
1519
44
1779
1659
1774
1230
2201
90
2234
1909
2146
1100
2013
2143
1344
1563
918
308
1933
491
817
1891
2130
1556
607
681
1091
2140
790
397
379
971
908
240
569
1589
894
176
1765
973
451
1334
1073
1743
222
2150
1429
1672
442
1261
1363
466
785
378
411
530
793
1178
1299
1990
181
940
1122
1133
890
1926
1955
2287
1035
1233
1636
247
435
1402
227
1839
1998
1247
2280
1737
2110
1478
366
2142
1353
1610
1229
855
1585
204
848
686
37
1410
1675
1269
1925
2065
1752
550
851
667
1320
1973
420
346
377
495
1231
1778
211
38
417
1688
1724
2261
1742
694
255
615
1714
1291
2265
307
1827
1754
1040
1609
1309
344
279
1115
1210
669
562
1102
1953
371
639
1467
1029
1250
1227
1567
1355
327
137
1928
2151
65
580
1248
406
2111
1440
599
1063
128
1593
1860
644
1545
983
31
2077
1502
869
1367
1144
1783
799
93
1048
529
1307
837
64
1142
934
898
21
175
577
687
1711
452
1156
356
963
499
816
195
47
1271
2145
1081
1487
1995
1501
294
1371
1619
1546
1813
1187
362
1422
1109
1758
1097
1637
1885
2184
484
1064
808
1734
1153
865
1643
682
1044
2267
1808
74
1346
1492
998
1879
655
1913
783
1152
1956
1947
1723
556
2205
1506
1632
1731
634
647
2166
1627
871
1254
518
838
653
1621
343
87
749
1114
1964
88
229
1997
2269
730
2249
515
2260
278
832
1594
914
322
2274
1864
946
1176
1262
1075
900
298
50
1671
482
1303
1098
1773
213
1858
1966
2063
1513
1705
804
1200
1958
426
437
27
1979
1930
2250
1562
596
338
1458
507
1336
2231
1215
2033
1507
1508
1826
477
372
471
468
711
714
503
1300
591
2112
1193
1018
86
767
1951
2053
120
1642
1119
1934
1041
1296
1531
1725
2252
760
320
800
301
334
1326
1372
1645
289
326
2229
646
1974
1611
1667
1718
1981
490
606
1055
1411
1053
96
563
740
2207
280
237
1676
1921
456
877
1712
53
2238
1038
349
1652
395
1005
1819
1266
1771
497
2273
1359
311
492
1927
504
1782
568
1975
1009
410
1533
1468
24
430
979
810
1267
1046
1350
209
263
889
896
1669
97
341
2246
28
1996
1339
718
2290
116
665
336
1776
1123
1093
1084
192
2164
367
1530
1523
72
79
157
1163
1536
948
1744
393
1310
1768
1920
1056
1706
915
10
1653
1387
1436
642
1349
1601
846
1218
1175
98
2154
1521
2137
463
292
1101
1351
1855
2263
2119
2254
753
2188
145
1116
1474
553
2156
1678
1948
695
2016
1503
987
892
80
2031
248
1945
2217
996
1739
2224
431
1862
474
690
1398
899
1383
1626
779
1399
1785
1118
609
1127
1681
1881
581
109
2211
2160
746
611
1412
522
1409
2042
984
1986
2052
768
1602
828
863
1541
905
981
2118
337
1614
1584
651
1992
2272
254
1481
1462
1801
159
1078
1112
2003
1950
1312
1318
1919
1944
839
1576
2293
1699
1224
215
1166
473
22
2202
1606
761
1784
1325
335
1024
1358
1203
1696
970
1874
782
1840
614
1985
1789
391
1488
1452
1302
1281
1404
1283
600
1649
1618
2185
510
1364
333
1751
930
445
2134
1245
1976
180
2027
766
250
361
332
820
1448
228
2072
2105
988
2192
990
533
161
1223
2218
1139
910
1679
1994
1376
2200
1360
1865
1871
536
1792
358
321
1416
1861
1749
1255
2115
1838
1258
205
673
1239
939
1274
1476
178
715
68
1772
191
1432
160
936
1008
2010
1999
620
2270
1095
573
2196
1014
1845
1423
1032
1578
1719
382
323
2190
2080
1500
201
2048
558
1183
840
2214
955
964
1543
1760
1090
1030
2216
2005
286
624
1882
1608
1850
1818
1447
2024
354
458
775
1516
75
312
2227
794
733
992
941
1278
389
1777
960
489
1428
414
1762
1246
2121
1356
1419
854
2060
288
1635
2215
927
1809
1286
859
1240
230
1867
2131
1023
702
736
95
974
1664
2002
788
801
1021
2109
1284
1362
1400
1113
1004
1259
2182
1905
1613
438
1256
1970
2049
841
544
198
1268
546
432
2059
1544
2177
0
13
365
1821
6
252
1058
744
18
1915
586
844
795
1305
1936
136
1480
811
2276
1747
722
2286
69
29
262
1868
1388
2014
39
381
1017
535
1787
815
1158
350
1729
582
2233
1426
1211
1689
978
328
726
1965
925
1741
1345
1365
1140
1984
637
1558
652
1316
1564
1172
429
163
131
2008
2122
2011
1190
1338
125
1538
1484
674
2090
1911
2175
290
787
1829
1685
224
1431
1733
2209
929
729
994
636
455
924
2132
1421
1715
737
1321
375
1232
883
1228
1780
1006
76
1
273
347
758
853
2058
1455
1270
20
1628
1496
2197
433
757
1060
293
296
771
1697
945
2149
184
1586
1137
1828
818
2070
516
1202
1554
2029
1065
1369
688
305
283
111
1524
2051
842
1207
2241
2220
494
232
827
2075
467
269
843
148
780
142
319
110
2174
2083
610
1574
390
2199
1677
1983
172
2239
2138
89
613
2159
2126
999
1954
1337
709
207
1214
1441
291
812
1290
678
789
1684
314
454
1767
1277
1525
2034
1661
684
1590
249
1434
370
1900
1016
342
663
982
166
70
1066
1015
1146
1811
2284
447
409
1825
856
2
638
2173
907
416
1730
849
453
937
216
481
1665
73
1457
2082
1722
1972
380
2191
720
1798
977
1897
1892
1875
1648
1394
1099
1761
1673
608
630
1738
106
928
2045
1804
1775
1512
685
