646
693
1134
2045
741
2174
2216
1019
305
1486
1090
2260
1875
454
522
285
1878
985
2261
102
2148
2055
1316
72
1936
1288
1536
581
1458
999
1163
1079
1594
243
1893
1329
1725
67
141
73
2210
2046
1348
905
1679
153
1148
159
327
1321
1804
272
1097
1271
852
2227
412
1154
1958
2234
1485
703
97
2205
175
210
1116
2039
1677
585
8
1865
1751
1300
768
871
273
904
369
649
2146
1075
1324
1095
293
1244
864
396
339
2222
1552
1071
1356
448
1528
1140
1938
922
1126
2160
1549
1216
884
571
1778
1953
1032
267
2258
2125
832
1117
320
2019
132
479
1138
260
532
1898
215
1773
0
504
1351
730
1210
517
294
1129
199
1322
61
757
426
1744
425
1762
92
1037
1740
226
1464
1775
712
1388
1225
1940
1045
921
2001
40
1050
994
1297
652
204
1085
257
1227
1986
806
1601
1041
1695
1779
1810
177
1345
2221
1564
1919
1191
162
414
1852
1421
219
1652
89
1198
1723
826
593
1424
2185
373
2147
501
106
2062
1241
317
1461
516
1158
1670
172
1674
264
140
792
2236
2289
1142
1015
490
360
121
1188
190
1413
1408
354
993
907
753
2106
2152
1633
1110
1615
111
1420
2028
295
2165
284
546
1306
728
959
1837
148
1483
108
1030
1364
1092
526
300
973
313
1466
397
510
1119
548
1908
944
906
1627
84
989
1575
734
2057
1570
1396
772
1280
2143
438
1557
868
1640
689
1108
1436
558
671
116
361
1649
296
1766
1924
1909
1930
2027
249
253
1692
633
2166
2237
278
1685
2255
720
1847
1132
1646
1610
2038
307
912
2101
2263
2117
1585
1014
1060
898
418
377
1168
80
290
789
980
2284
1969
1540
2026
609
680
1868
1133
1997
2145
1301
1446
770
1561
1897
767
1393
1365
1889
1577
602
2044
1474
965
1998
982
623
119
872
489
821
1107
823
1074
1320
362
553
76
1447
13
603
431
1160
1269
1006
1131
567
1494
1584
1662
1249
1376
270
57
232
1843
903
350
1353
114
1565
878
1046
1591
147
1700
940
451
1164
1671
1145
2213
1072
1918
1757
155
1867
1629
846
110
926
699
169
1825
2096
717
485
1933
312
814
1274
18
867
1245
1513
1367
1522
2119
1044
974
2268
2264
1733
900
1786
1094
1726
436
1703
1954
1258
31
1073
650
59
1064
1141
1661
732
1858
605
1781
1624
355
1968
2249
445
1209
1530
570
367
2132
1902
1009
813
1503
2065
1916
46
2090
1807
2061
1003
506
2007
629
1823
1822
133
1430
1783
494
1195
388
930
1731
1285
1509
1192
131
1069
2169
920
1082
1172
216
1036
536
1844
2003
2131
1555
575
1099
475
383
1255
2111
2214
1566
113
1990
2187
1180
2135
385
403
1220
164
178
988
192
763
413
391
1699
1952
246
911
938
1369
705
541
1068
1972
1473
924
1853
998
463
1278
2206
1702
1648
1368
98
335
424
2243
1862
1734
1440
1619
1339
597
722
464
1243
70
1309
2257
1456
1431
520
2225
1803
1206
176
2254
1183
2274
986
659
1861
1583
201
1802
2178
282
1307
1730
1949
1482
103
1597
1086
2251
292
1496
964
1394
2032
987
1623
1608
702
863
1993
2246
853
2069
1946
1105
107
1713
276
694
2153
318
245
449
626
850
1914
1277
443
14
467
128
866
1427
1349
1011
2042
700
1576
1333
2047
157
398
1313
1719
583
347
1525
1039
322
765
1588
2118
1687
1748
1840
610
640
2253
144
1229
1061
1159
2011
1720
1242
1156
1903
800
1115
1034
437
642
1100
12
1311
372
2172
2259
881
1654
1049
946
540
101
77
979
1537
2150
896
2194
1755
844
331
1606
828
1955
1219
957
1745
931
1635
1454
1294
1689
1346
2293
2233
535
725
302
1681
321
2076
1109
619
130
2140
769
206
1445
1792
2070
1618
2085
1360
547
2209
1233
1529
1375
447
289
478
211
456
2163
1826
1706
677
972
932
2256
1979
1189
1265
2184
2082
1257
1694
554
1625
1541
2049
1526
1907
1877
1354
183
1607
236
2139
328
42
624
1841
1167
1524
1029
136
54
2130
1881
1237
1203
1701
202
1381
1708
1818
1026
256
286
1680
1404
928
885
1314
877
783
252
2048
638
1820
342
676
1760
351
2060
1275
1412
805
230
910
1590
869
1521
146
1224
429
1985
1479
721
93
1084
255
976
149
1545
2173
817
393
966
1248
263
639
23
1534
1017
1603
1791
528
1631
370
2273
1560
2037
945
2020
470
1201
654
1966
802
349
1849
1083
56
1622
1136
2232
2188
718
1185
1599
1038
909
1816
2018
41
480
151
135
444
1204
326
756
2115
2083
364
461
962
30
244
427
1664
1481
346
2036
2093
2080
1913
1595
849
1211
503
2230
2022
1705
1937
366
423
663
818
861
648
1291
1589
1080
466
1053
1688
223
939
1639
916
303
549
1091
2110
2226
620
53
29
1123
2104
450
947
1386
2200
1372
1400
566
685
1906
968
1282
604
2040
816
1373
405
1941
856
2159
1887
277
747
784
1845
336
787
688
697
1596
978
1621
207
1753
1441
1592
1262
1299
709
1214
1934
1995
1800
2267
1559
194
2024
607
1114
2071
1298
21
1996
134
1151
865
829
1612
1634
1022
208
990
2275
1102
316
574
1261
1283
1471
214
657
1693
927
469
486
1199
1383
375
873
446
621
1162
309
942
2084
901
584
2279
1558
432
669
630
1709
1395
1327
1613
1999
51
1609
2095
589
1957
711
231
229
2288
514
1749
761
2238
439
1735
1317
691
564
281
1527
2127
889
2218
1811
1492
723
745
337
1477
50
719
1403
1326
1956
409
345
1630
1010
708
1202
2228
395
2010
1535
578
1982
681
825
2290
2015
796
775
1429
983
1616
376
1357
1065
1432
2208
1848
1263
1475
280
625
2116
2005
483
2265
1737
1917
1921
122
538
1943
995
744
2241
363
118
2073
1033
1905
308
641
1501
1831
1106
392
2223
975
984
158
569
291
1397
958
559
415
240
2053
1554
1945
1651
325
99
1256
365
615
1978
43
228
1869
1961
333
1135
590
1817
2175
888
2217
330
2133
1874
799
1543
954
1444
1235
606
2202
521
2041
777
1008
917
1563
577
2168
235
1398
684
550
410
1742
1676
338
2079
1915
1296
33
923
1632
2240
332
1729
953
1315
1480
1302
1056
1023
1785
870
1600
502
1379
887
1900
2157
1882
2282
1387
556
1971
1667
1856
402
2050
519
880
1057
1784
1743
1500
1697
348
1325
1983
203
1727
551
1571
807
614
2198
453
613
1284
1935
60
1452
81
288
1790
588
1644
967
1567
1836
2138
851
981
26
472
1207
2021
1704
507
379
1292
914
1827
595
1579
534
668
500
2068
1121
498
152
15
1899
1598
2078
963
2006
729
180
505
562
893
674
1663
1059
598
780
2067
1027
1402
1200
1806
186
1179
1130
1659
1385
1499
956
1279
382
1678
1506
2287
187
1362
1287
1672
96
1975
184
1666
274
65
1125
836
163
1638
897
1750
918
442
251
1024
750
992
1358
2075
1910
776
969
656
248
618
1776
62
2176
1001
1974
1857
2102
343
862
359
2017
1342
1221
1553
713
1512
1508
353
835
25
915
2158
2052
1931
44
2124
1891
1992
28
515
1361
1382
2034
1174
7
1422
124
1645
794
934
2134
1270
1062
1457
2149
1226
600
1580
484
1197
1377
1012
2126
435
773
1859
1814
340
150
91
1511
22
1240
1426
1850
596
1096
220
1087
1047
1538
1581
842
287
1872
487
810
1389
1669
1171
1550
1052
1712
1617
1981
568
2244
433
2098
886
2151
855
991
1013
743
2291
2155
701
154
830
707
2066
298
1468
883
1347
315
824
1058
1434
557
764
838
496
1002
1502
82
2278
1230
1442
1798
2215
1912
476
168
2025
1067
572
1796
3
1714
1830
919
1642
1305
420
1517
2231
586
1926
1947
2191
120
167
1782
319
394
1770
1101
738
1007
181
2128
195
779
819
1390
616
892
890
1787
644
1987
1293
683
1805
1182
265
9
66
636
508
1717
2114
1187
1548
908
171
1088
94
358
1416
262
786
1546
1696
847
1308
795
1478
1025
1539
1139
1808
913
760
941
1515
2059
1747
1620
1254
1547
1089
1510
2100
2099
2220
1122
1944
275
1815
247
2266
1076
1988
160
1551
706
1855
1904
1405
752
1765
374
1392
1886
1310
2199
1384
2094
661
430
1111
955
977
1951
762
695
1453
2180
86
781
1352
1962
1532
1602
543
69
492
1451
1401
1246
1772
314
1829
891
1942
74
622
4
24
2280
933
820
542
1328
895
749
2051
840
2089
234
997
1896
271
197
662
87
1984
71
748
2250
1147
2088
179
797
462
32
389
560
1879
2141
1247
555
1989
2252
1264
512
737
2189
2281
1020
1834
1768
876
660
126
1166
299
497
1428
793
1340
943
1578
1378
1363
1739
2029
238
1641
827
790
655
1118
261
1043
1215
6
1876
2142
726
1093
1927
1127
2086
611
803
1767
38
411
85
857
1290
188
1173
1518
156
1028
48
1789
1337
1562
1223
1504
416
27
1711
1143
1414
161
258
1797
242
1449
421
1519
419
2277
2064
1568
1181
384
834
2122
1819
1487
1741
1838
739
1724
666
952
200
533
2077
687
1208
1370
1604
1465
552
1788
279
1690
601
465
2195
1448
2113
491
142
759
1605
368
1035
951
2063
458
1435
1991
815
751
2197
1153
2283
2023
1491
1178
1682
1657
1250
47
2121
311
1901
468
1932
1459
90
1738
1809
658
1507
36
1923
1732
950
145
1399
1980
185
1582
49
239
1213
174
1286
1417
1205
1673
2120
2156
740
115
735
673
665
2123
1273
1531
165
1344
882
182
123
1939
1794
2
2081
105
1883
1795
647
1746
1443
1470
1801
1970
1120
1763
173
755
1523
127
1928
1890
83
2183
1016
1455
138
1272
1380
2219
1665
1295
1128
1686
2171
2193
631
1658
1150
440
1925
1520
525
387
1655
1042
544
1885
1066
1334
742
1218
1959
2112
1721
2190
459
283
191
736
399
1484
441
2035
109
34
1839
804
1137
473
64
1259
304
2272
39
1228
1048
1593
1643
2002
1960
527
1366
95
1722
1253
1462
1884
791
714
2224
801
1707
948
758
112
17
227
936
137
845
672
100
378
731
1000
1289
771
1894
1544
2103
696
189
1691
2179
682
678
1157
2269
1146
1574
1004
1716
493
679
1650
1409
860
356
1718
675
925
1860
371
2105
1234
1419
643
1
2014
537
2212
400
170
329
2004
1873
579
428
2009
19
212
1177
1675
971
268
1542
1761
269
218
592
266
1660
1332
1359
1312
1871
166
2154
1950
1587
1497
1410
35
1626
716
434
1423
2162
1628
1194
1653
2013
1771
1911
727
233
1165
1175
1728
310
1758
843
222
1977
2196
929
1186
2144
1736
563
831
2161
259
1021
10
196
1490
1051
733
1331
2031
237
407
1239
78
1854
580
1963
198
1190
1489
422
902
785
205
2008
686
1343
1407
1081
1161
1851
2170
1863
1170
1078
894
2245
635
75
637
1433
2043
1572
1498
213
1759
2072
1842
79
1463
1338
509
518
452
482
808
2271
2000
1124
68
2192
1303
530
352
1895
839
297
143
2186
1505
523
55
798
1169
1103
2270
1756
1472
513
457
1355
2239
1418
766
874
2211
2030
209
1336
2203
2136
879
1533
1777
1835
1341
778
2097
2286
841
937
1391
5
1406
1813
1437
1304
495
1573
664
401
481
1636
104
612
704
1260
1222
1268
935
1371
1556
